(frames)	1 Max  (°C)
1	260.89
2	260.89
3	259.59
4	260.89
5	259.59
6	259.59
7	264.71
8	256.94
9	259.59
10	256.94
11	262.18
12	259.59
13	260.89
14	258.27
15	262.18
16	262.18
17	263.45
18	259.59
19	259.59
20	260.89
21	259.59
22	260.89
23	260.89
24	260.89
25	262.18
26	260.89
27	263.45
28	258.27
29	263.45
30	263.45
31	260.89
32	263.45
33	260.89
34	260.89
35	258.27
36	260.89
37	256.94
38	262.18
39	263.45
40	260.89
41	262.18
42	258.27
43	260.89
44	260.89
45	262.18
46	260.89
47	260.89
48	259.59
49	258.27
50	262.18
51	262.18
52	260.89
53	259.59
54	263.45
55	262.18
56	263.45
57	259.59
58	260.89
59	259.59
60	258.27
61	260.89
62	262.18
63	260.89
64	260.89
65	259.59
66	259.59
67	259.59
68	259.59
69	263.45
70	263.45
71	260.89
72	259.59
73	264.71
74	256.94
75	262.18
76	260.89
77	258.27
78	260.89
79	259.59
80	260.89
81	262.18
82	263.45
83	260.89
84	260.89
85	260.89
86	263.45
87	259.59
88	260.89
89	259.59
90	256.94
91	263.45
92	262.18
93	262.18
94	260.89
95	263.45
96	265.95
97	260.89
98	262.18
99	260.89
100	259.59
101	259.59
102	262.18
103	259.59
104	264.71
105	262.18
106	263.45
107	260.89
108	259.59
109	262.18
110	262.18
111	258.27
112	259.59
113	259.59
114	260.89
115	259.59
116	262.18
117	262.18
118	260.89
119	262.18
120	263.45
121	260.89
122	259.59
123	262.18
124	259.59
125	265.95
126	265.95
127	262.18
128	260.89
129	260.89
130	260.89
131	259.59
132	260.89
133	262.18
134	259.59
135	259.59
136	260.89
137	264.71
138	262.18
139	262.18
140	259.59
141	269.61
142	311.14
143	312.01
144	307.62
145	312.87
146	315.43
147	314.59
148	316.28
149	319.60
150	319.60
151	319.60
152	323.65
153	326.81
154	328.37
155	334.44
156	338.12
157	340.29
158	347.31
159	345.23
160	352.71
161	354.70
162	354.70
163	357.95
164	364.28
165	363.04
166	367.37
167	367.37
168	372.19
169	372.78
170	376.31
171	378.04
172	378.04
173	385.39
174	385.39
175	387.04
176	391.92
177	394.05
178	394.05
179	397.21
180	401.34
181	402.36
182	407.38
183	408.37
184	408.37
185	412.76
186	415.64
187	417.54
188	418.02
189	419.43
190	424.98
191	426.35
192	429.05
193	426.80
194	429.95
195	431.73
196	434.37
197	432.61
198	438.71
199	438.71
200	442.98
201	446.75
202	446.75
203	448.40
204	449.23
205	452.90
206	451.27
207	456.12
208	457.32
209	455.72
210	461.27
211	459.30
212	458.90
213	460.09
214	463.99
215	465.92
216	465.54
217	467.46
218	467.08
219	467.84
220	469.74
221	472.38
222	471.25
223	471.63
224	473.50
225	473.88
226	475.74
227	479.78
228	479.78
229	482.32
230	480.51
231	484.48
232	483.40
233	487.69
234	485.56
235	488.40
236	490.51
237	492.26
238	491.91
239	492.96
240	496.07
241	495.38
242	497.10
243	500.17
244	499.83
245	502.53
246	502.53
247	504.54
248	504.54
249	506.87
250	509.51
251	511.80
252	511.14
253	512.77
254	514.39
255	520.15
256	518.24
257	521.73
258	522.99
259	528.29
260	531.36
261	531.05
262	531.67
263	535.31
264	538.92
265	541.30
266	543.66
267	549.50
268	547.76
269	550.08
270	552.10
271	552.67
272	550.37
273	553.53
274	551.81
275	552.67
276	554.67
277	555.53
278	557.23
279	561.45
280	559.77
281	561.45
282	564.51
283	565.34
284	566.72
285	569.19
286	568.65
287	571.65
288	573.28
289	574.89
290	574.89
291	576.51
292	578.65
293	580.24
294	580.24
295	582.89
296	583.15
297	585.78
298	584.47
299	587.86
300	588.90
301	592.26
302	592.52
303	595.85
304	593.29
305	596.35
306	596.61
307	596.35
308	601.16
309	602.42
310	601.41
311	605.41
312	606.16
313	608.63
314	607.15
315	611.59
316	612.32
317	616.22
318	615.97
319	619.11
320	618.39
321	622.47
322	623.66
323	621.03
324	623.66
325	627.45
326	627.69
327	631.45
328	633.08
329	634.48
330	635.17
331	636.33
332	638.18
333	640.24
334	642.07
335	640.70
336	643.67
337	643.90
338	650.22
339	646.84
340	649.54
341	650.67
342	650.67
343	654.24
344	653.57
345	657.56
346	660.42
347	660.42
348	661.30
349	664.57
350	665.22
351	666.74
352	668.90
353	670.41
354	669.76
355	671.27
356	676.60
357	674.90
358	677.45
359	677.66
360	677.87
361	681.46
362	681.67
363	682.30
364	685.44
365	686.48
366	687.52
367	688.97
368	691.45
369	691.24
370	692.07
371	691.24
372	694.94
373	696.17
374	697.59
375	698.41
376	701.45
377	701.65
378	701.45
379	703.07
380	706.28
381	707.28
382	705.08
383	710.28
384	710.47
385	712.66
386	713.45
387	715.42
388	715.42
389	714.83
390	717.39
391	719.74
392	720.53
393	722.47
394	722.86
395	724.03
396	724.42
397	728.48
398	728.09
399	730.40
400	734.42
401	734.80
402	734.42
403	738.22
404	740.30
405	742.56
406	745.00
407	745.93
408	749.48
409	750.22
410	751.52
411	752.26
412	751.52
413	753.92
414	754.66
415	756.87
416	758.88
417	759.43
418	759.43
419	760.53
420	761.62
421	763.81
422	764.35
423	764.17
424	765.80
425	766.16
426	768.15
427	766.34
428	766.71
429	764.90
430	769.77
431	765.44
432	770.67
433	766.71
434	771.57
435	770.49
436	769.95
437	771.75
438	773.00
439	773.90
440	776.75
441	776.93
442	774.97
443	777.46
444	776.58
445	777.64
446	779.42
447	779.42
448	777.64
449	783.48
450	783.31
451	784.01
452	786.47
453	785.42
454	789.27
455	786.82
456	791.72
457	788.22
458	792.41
459	790.67
460	795.53
461	794.15
462	797.26
463	796.05
464	798.99
465	798.30
466	799.33
467	801.57
468	801.40
469	805.50
470	804.14
471	805.33
472	805.67
473	806.53
474	807.72
475	810.60
476	809.25
477	814.66
478	813.14
479	816.01
480	815.84
481	817.69
482	817.85
483	819.86
484	819.36
485	819.19
486	819.19
487	821.87
488	824.03
489	821.53
490	824.37
491	826.19
492	825.69
493	828.51
494	830.99
495	830.33
496	829.50
497	831.81
498	832.30
499	834.77
500	831.81
501	836.40
502	833.29
503	838.85
504	837.88
505	838.85
506	838.53
507	841.78
508	840.16
509	842.11
510	843.41
511	844.22
512	845.84
513	846.48
514	845.03
515	846.48
516	847.13
517	846.32
518	847.93
519	850.19
520	848.26
521	850.67
522	851.79
523	851.95
524	853.56
525	854.04
526	852.27
527	857.23
528	854.51
529	856.43
530	856.27
531	859.61
532	856.27
533	857.39
534	860.25
535	860.88
536	861.20
537	860.88
538	861.36
539	861.20
540	860.88
541	863.26
542	863.26
543	859.93
544	862.78
545	862.63
546	864.84
547	863.10
548	863.89
549	863.42
550	864.68
551	865.31
552	864.21
553	867.05
554	867.99
555	873.32
556	868.15
557	870.34
558	870.03
559	871.60
560	870.19
561	873.16
562	872.69
563	875.19
564	875.19
565	874.25
566	875.66
567	875.50
568	877.83
569	878.92
570	880.78
571	880.01
572	880.78
573	881.71
574	881.86
575	882.33
576	882.95
577	883.26
578	883.41
579	885.41
580	886.64
581	888.03
582	888.64
583	889.56
584	888.64
585	890.94
586	891.09
587	892.16
588	891.55
589	892.77
590	893.23
591	893.99
592	894.60
593	895.06
594	897.80
595	897.95
596	901.59
597	897.49
598	901.13
599	898.56
600	900.53
601	900.68
602	904.30
603	904.30
604	905.81
605	904.75
606	905.36
607	909.41
608	912.11
609	909.41
610	910.91
611	912.55
612	912.55
613	913.90
614	915.09
615	915.09
616	915.54
617	917.02
618	917.32
619	921.03
620	921.32
621	922.80
622	924.72
623	923.83
624	925.90
625	926.63
626	928.10
627	929.28
628	931.62
629	931.48
630	934.84
631	935.71
632	937.60
633	937.46
634	938.48
635	941.96
636	942.97
637	943.98
638	945.14
639	948.16
640	945.57
641	945.71
642	946.00
643	948.74
644	949.74
645	948.31
646	948.31
647	948.02
648	951.18
649	949.89
650	950.46
651	950.46
652	952.33
653	954.90
654	953.61
655	955.61
656	952.61
657	953.76
658	954.76
659	957.47
660	959.61
661	958.04
662	955.90
663	954.90
664	952.61
665	953.33
666	953.33
667	953.61
668	952.18
669	954.61
670	954.47
671	953.76
672	956.76
673	951.75
674	954.90
675	955.61
676	954.19
677	956.19
678	955.61
679	957.90
680	959.32
681	962.16
682	961.88
683	964.15
684	964.57
685	966.55
686	967.96
687	970.08
688	972.61
689	973.03
690	973.59
691	974.01
692	974.99
693	977.51
694	976.39
695	978.63
696	979.47
697	984.34
698	982.95
699	982.81
700	984.48
701	987.25
702	985.17
703	989.19
704	986.56
705	988.36
706	987.12
707	989.47
708	990.85
709	994.71
710	990.71
711	991.95
712	991.13
713	993.20
714	992.23
715	994.16
716	993.88
717	994.57
718	995.54
719	999.10
720	999.65
721	999.10
722	999.93
723	999.93
724	1000.06
725	1003.89
726	1002.93
727	1004.98
728	1003.34
729	1007.57
730	1006.21
731	1008.66
732	1006.48
733	1010.96
734	1011.10
735	1014.62
736	1010.69
737	1015.43
738	1010.01
739	1014.62
740	1011.10
741	1012.05
742	1009.61
743	1013.00
744	1012.18
745	1014.08
746	1015.02
747	1015.43
748	1016.78
749	1016.11
750	1017.05
751	1017.59
752	1017.86
753	1020.15
754	1021.22
755	1021.90
756	1021.22
757	1023.37
758	1022.16
759	1023.37
760	1022.70
761	1024.04
762	1025.38
763	1026.05
764	1027.39
765	1030.86
766	1026.72
767	1029.26
768	1029.39
769	1031.79
770	1033.39
771	1038.04
772	1035.78
773	1038.43
774	1038.17
775	1039.89
776	1040.55
777	1042.80
778	1042.01
779	1043.46
780	1043.06
781	1043.98
782	1046.49
783	1046.22
784	1045.30
785	1046.75
786	1048.20
787	1050.82
788	1049.51
789	1052.00
790	1050.56
791	1055.53
792	1053.70
793	1056.71
794	1054.09
795	1057.75
796	1054.49
797	1059.05
798	1056.97
799	1061.79
800	1060.23
801	1063.47
802	1064.51
803	1066.59
804	1068.91
805	1070.21
806	1071.62
807	1074.59
808	1074.33
809	1080.24
810	1078.44
811	1082.16
812	1083.05
813	1085.35
814	1085.86
815	1089.81
816	1089.30
817	1094.38
818	1091.84
819	1096.41
820	1092.35
821	1095.65
822	1096.41
823	1098.93
824	1097.80
825	1102.09
826	1099.82
827	1103.98
828	1102.21
829	1106.12
830	1104.10
831	1108.00
832	1107.75
833	1107.62
834	1108.88
835	1108.12
836	1109.88
837	1110.00
838	1112.01
839	1111.26
840	1113.13
841	1113.88
842	1114.13
843	1116.38
844	1114.63
845	1117.00
846	1116.63
847	1118.37
848	1116.13
849	1120.61
850	1118.13
851	1120.61
852	1119.00
853	1122.73
854	1121.86
855	1126.20
856	1126.94
857	1126.94
858	1129.66
859	1127.31
860	1126.94
861	1126.45
862	1122.85
863	1121.24
864	1117.88
865	1117.38
866	1113.26
867	1115.01
868	1113.76
869	1113.26
870	1112.01
871	1110.63
872	1107.87
873	1109.50
874	1108.88
875	1109.38
876	1107.25
877	1108.25
878	1106.99
879	1108.50
880	1108.25
881	1110.00
882	1108.88
883	1111.63
884	1110.38
885	1111.51
886	1110.51
887	1111.63
888	1110.88
889	1112.63
890	1113.88
891	1115.13
892	1113.63
893	1116.50
894	1114.88
895	1116.50
896	1114.76
897	1116.26
898	1116.26
899	1117.75
900	1115.01
901	1115.38
902	1112.88
903	1115.88
904	1113.26
905	1116.38
906	1116.75
907	1117.63
908	1115.76
909	1118.37
910	1117.88
911	1119.74
912	1117.75
913	1119.87
914	1120.49
915	1122.23
916	1121.98
917	1122.11
918	1123.72
919	1123.10
920	1123.72
921	1125.33
922	1124.59
923	1125.95
924	1125.08
925	1126.57
926	1126.69
927	1126.69
928	1128.06
929	1129.17
930	1129.17
931	1130.28
932	1130.40
933	1133.12
934	1132.62
935	1134.47
936	1134.35
937	1138.16
938	1138.41
939	1141.60
940	1142.70
941	1145.15
942	1147.22
943	1148.32
944	1148.81
945	1151.00
946	1152.10
947	1152.22
948	1154.89
949	1155.26
950	1155.86
951	1158.29
952	1160.11
953	1163.25
954	1161.19
955	1162.16
956	1162.77
957	1165.30
958	1164.70
959	1167.95
960	1166.51
961	1170.60
962	1168.31
963	1170.48
964	1168.67
965	1170.36
966	1167.47
967	1169.28
968	1169.64
969	1170.24
970	1171.32
971	1170.96
972	1169.64
973	1170.48
974	1170.24
975	1169.16
976	1170.12
977	1168.79
978	1170.00
979	1170.96
980	1170.12
981	1168.91
982	1170.72
983	1172.88
984	1170.36
985	1172.28
986	1172.40
987	1174.56
988	1174.32
989	1175.52
990	1171.44
991	1176.48
992	1176.12
993	1177.79
994	1175.88
995	1178.27
996	1180.66
997	1181.85
998	1181.73
999	1181.85
1000	1184.00
1001	1186.74
1002	1185.31
1003	1184.00
1004	1186.74
1005	1186.98
1006	1188.28
1007	1187.21
1008	1188.64
1009	1192.44
1010	1189.95
1011	1191.13
1012	1188.40
1013	1188.40
1014	1185.55
1015	1186.50
1016	1182.93
1017	1185.31
1018	1178.99
1019	1183.64
1020	1180.30
1021	1185.07
1022	1182.09
1023	1185.19
1024	1184.12
1025	1187.10
1026	1184.83
1027	1185.19
1028	1182.21
1029	1182.93
1030	1180.66
1031	1182.09
1032	1183.05
1033	1190.66
1034	1195.04
1035	1193.62
1036	1190.90
1037	1188.40
1038	1173.36
1039	1152.71
1040	1125.33
1041	1099.31
1042	1070.46
1043	1047.01
1044	1025.78
1045	1012.05
1046	997.73
1047	989.33
1048	977.93
1049	971.48
1050	963.01
1051	959.04
1052	951.61
1053	947.01
1054	940.94
1055	937.75
1056	932.79
1057	930.01
1058	924.87
1059	923.54
1060	919.55
1061	917.02
1062	914.05
1063	911.96
1064	907.76
1065	906.41
1066	902.94
1067	902.64
1068	898.41
1069	897.04
1070	894.45
1071	894.60
1072	889.87
1073	889.41
1074	886.64
1075	885.88
1076	883.10
1077	882.48
1078	879.54
1079	879.23
1080	878.30
1081	874.72
1082	874.10
1083	872.85
1084	871.44
1085	869.87
1086	868.93
1087	867.20
1088	866.89
1089	863.10
1090	863.58
1091	861.04
1092	861.52
1093	859.93
1094	857.71
1095	857.23
1096	855.79
1097	854.99
1098	852.59
1099	852.43
1100	851.31
1101	851.63
1102	848.09
1103	849.54
1104	846.16
1105	845.67
1106	845.03
1107	845.51
1108	842.76
1109	842.11
1110	840.48
1111	839.67
1112	838.53
1113	838.20
1114	836.90
1115	836.40
1116	834.44
1117	834.27
1118	832.96
1119	831.97
1120	830.66
1121	830.49
1122	828.51
1123	828.68
1124	825.69
1125	827.52
1126	824.37
1127	825.69
1128	823.20
1129	824.86
1130	820.53
1131	821.87
1132	819.86
1133	821.37
1134	818.19
1135	819.03
1136	816.17
1137	817.01
1138	814.32
1139	814.49
1140	813.65
1141	813.48
1142	812.47
1143	811.28
1144	812.13
1145	810.27
1146	809.25
1147	809.08
1148	806.87
1149	807.72
1150	804.99
1151	805.67
1152	803.79
1153	804.82
1154	801.57
1155	802.25
1156	800.88
1157	801.22
1158	798.64
1159	800.71
1160	796.75
1161	797.78
1162	796.40
1163	797.44
1164	794.67
1165	795.02
1166	794.15
1167	792.76
1168	791.89
1169	792.41
1170	792.24
1171	790.67
1172	789.80
1173	789.10
1174	787.35
1175	787.70
1176	785.95
1177	786.30
1178	784.19
1179	785.42
1180	782.07
1181	783.66
1182	781.72
1183	783.48
1184	779.95
1185	781.72
1186	778.71
1187	779.60
1188	777.29
1189	778.89
1190	775.51
1191	776.93
1192	774.79
1193	776.22
1194	774.08
1195	773.36
1196	773.00
1197	773.00
1198	772.47
1199	771.75
1200	771.21
1201	769.77
1202	768.33
1203	769.41
1204	765.98
1205	768.69
1206	765.62
1207	766.53
1208	763.99
1209	764.53
1210	762.72
1211	764.35
1212	761.08
1213	762.53
1214	759.61
1215	761.62
1216	758.52
1217	760.53
1218	758.52
1219	758.70
1220	756.31
1221	756.87
1222	755.95
1223	755.58
1224	753.74
1225	753.92
1226	753.74
1227	752.81
1228	753.18
1229	751.33
1230	750.59
1231	750.96
1232	748.92
1233	749.29
1234	747.61
1235	748.54
1236	746.49
1237	747.24
1238	745.00
1239	746.12
1240	743.69
1241	744.06
1242	743.12
1243	743.87
1244	741.43
1245	741.81
1246	740.49
1247	740.86
1248	739.35
1249	739.92
1250	738.41
1251	737.65
1252	737.46
1253	736.32
1254	737.27
1255	734.61
1256	734.99
1257	734.61
1258	732.89
1259	733.65
1260	732.32
1261	732.12
1262	730.59
1263	729.63
1264	729.25
1265	728.86
1266	727.51
1267	728.86
1268	727.32
1269	727.71
1270	727.32
1271	726.16
1272	725.39
1273	725.58
1274	723.25
1275	724.22
1276	723.45
1277	722.47
1278	721.31
1279	720.33
1280	720.92
1281	720.13
1282	718.76
1283	719.16
1284	718.96
1285	717.98
1286	716.61
1287	715.42
1288	714.44
1289	715.23
1290	714.83
1291	715.42
1292	712.46
1293	713.45
1294	711.27
1295	713.25
1296	710.87
1297	711.47
1298	709.08
1299	709.48
1300	707.88
1301	708.68
1302	706.68
1303	706.08
1304	706.68
1305	705.28
1306	704.88
1307	703.67
1308	704.07
1309	703.07
1310	703.47
1311	702.46
1312	702.06
1313	699.63
1314	700.44
1315	699.42
1316	699.63
1317	698.20
1318	697.80
1319	697.19
1320	696.98
1321	696.78
1322	697.19
1323	694.94
1324	695.35
1325	694.12
1326	694.53
1327	693.30
1328	692.27
1329	692.07
1330	692.07
1331	691.45
1332	690.21
1333	690.62
1334	690.00
1335	687.31
1336	687.72
1337	688.14
1338	687.72
1339	686.68
1340	686.48
1341	684.60
1342	685.23
1343	684.18
1344	683.35
1345	683.35
1346	682.09
1347	682.72
1348	680.41
1349	682.72
1350	680.41
1351	680.41
1352	680.41
1353	679.35
1354	677.87
1355	677.87
1356	677.02
1357	676.81
1358	676.18
1359	674.90
1360	674.90
1361	675.33
1362	675.11
1363	673.19
1364	674.47
1365	672.12
1366	672.12
1367	671.48
1368	671.05
1369	669.55
1370	669.76
1371	667.17
1372	667.61
1373	667.61
1374	667.39
1375	668.04
1376	665.66
1377	666.52
1378	665.01
1379	665.66
1380	664.57
1381	664.14
1382	663.26
1383	663.26
1384	661.52
1385	661.30
1386	660.42
1387	659.76
1388	659.76
1389	660.20
1390	659.32
1391	658.22
1392	657.56
1393	658.66
1394	656.90
1395	655.57
1396	656.45
1397	656.23
1398	655.35
1399	654.46
1400	653.57
1401	652.68
1402	651.78
1403	652.01
1404	651.11
1405	651.56
1406	650.44
1407	651.11
1408	647.52
1409	649.54
1410	647.29
1411	649.10
1412	646.84
1413	646.16
1414	646.62
1415	646.39
1416	645.03
1417	645.71
1418	643.67
1419	642.30
1420	642.30
1421	643.44
1422	640.93
1423	642.30
1424	642.07
1425	641.84
1426	640.01
1427	641.16
1428	638.18
1429	639.56
1430	636.79
1431	637.95
1432	635.40
1433	637.02
1434	635.17
1435	635.40
1436	634.01
1437	635.64
1438	633.55
1439	634.24
1440	630.98
1441	632.61
1442	631.91
1443	632.38
1444	630.74
1445	631.21
1446	629.57
1447	630.28
1448	627.93
1449	628.63
1450	627.45
1451	628.16
1452	628.16
1453	627.45
1454	626.51
1455	627.22
1456	625.09
1457	625.56
1458	623.42
1459	623.66
1460	622.71
1461	623.66
1462	622.23
1463	623.18
1464	620.07
1465	621.99
1466	621.03
1467	619.83
1468	618.39
1469	619.35
1470	618.63
1471	616.94
1472	616.70
1473	617.67
1474	616.70
1475	615.97
1476	615.97
1477	615.00
1478	614.52
1479	614.52
1480	614.03
1481	612.08
1482	613.54
1483	613.54
1484	611.10

