     0.0  	    0.00   
     0.0  	    0.00   
  2860.1  	 8000.00   
     0.0  	    0.00   
     0.0  	    0.00   
  08642.6 	 5043603.87
     0.0  	    0.00   
   944.1  	 3403.52   
     0.0  	    0.00   
   151.1  	  751.81   
     0.0  	    0.00   
  1888.2  	 1566.49   
  1606.9  	 1201.29   
  1253.8  	  787.16   
   995.9  	  544.76   
  1367.2  	  925.97   
  1221.4  	  749.62   
  1384.4  	  939.54   
  1254.8  	  783.79   
   997.7  	  544.80   
  1002.0  	  546.42   
   976.2  	  516.56   
   926.7  	  462.55   
  1016.9  	  557.14   
  1020.1  	  559.77   
   982.4  	  519.72   
  1011.6  	  548.76   
  1221.4  	  737.79   
  1059.7  	  599.75   
  1309.5  	  833.25   
  1257.4  	  776.82   
  1219.7  	  735.42   
  1070.8  	  613.64   
  1224.9  	  739.72   
  1020.7  	  560.33   
  1041.1  	  583.22   
  1240.3  	  758.86   
  1235.8  	  755.74   
  1081.6  	  626.51   
  1086.5  	  632.41   
  1568.0  	 1131.02   
  1904.7  	 1602.77   
  2063.2  	 1785.74   
  1608.4  	 1178.23   
  1434.8  	  987.35   
  1536.4  	 1108.64   
  1655.8  	 1236.23   
  1631.0  	 1206.57   
  1451.9  	 1003.12   
  1603.7  	 1169.48   
  1617.3  	 1185.16   
  1567.1  	 1142.20   
  1406.8  	  941.97   
  1346.4  	  860.14   
  1479.8  	 1030.49   
  1414.3  	  949.10   
  1474.3  	 1022.00   
  1676.0  	 1246.42   
  1561.3  	 1129.51   
  1439.4  	  976.43   
  1470.9  	 1015.24   
  1928.9  	 1625.29   
  1577.1  	 1151.04   
  1682.6  	 1254.71   
  2332.5  	 2141.17   
   209.3  	  815.94   
    41.9	14323.63   
   237.3  	  857.28   
  2308.6  	 2124.70   
  2089.6  	 1799.02   
  2244.4  	 2025.87   
  2460.4  	 2356.84   
  2158.3  	 1968.54   
  2151.2  	 1886.99   
  2291.2  	 2093.77   
  2123.3  	 1842.42   
  2199.4  	 1953.67   
  2342.0  	 2167.57   
  1752.8  	 1339.76   
  2170.4  	 2072.51   
    88.7  	  778.81   
  2107.0  	 1878.47   
  1620.1  	 1198.88   
  1596.5  	 1172.63   
  2079.2  	 1854.53   
  2163.9  	 1978.81   
  2127.2  	 1917.93   
  2002.2  	 1678.05   
  2032.4  	 1716.42   
     0.0  	    0.00   
     0.0  	    0.00   
     0.0  	    0.00   
    51.7  	 2004.98   
     0.0  	    0.00   
   195.6  	  601.23   
   874.7  	   19.47   
   864.8  	   13.66   
   885.9  	    5.94   
   921.8  	    3.13   
   960.0  	    0.98   
   991.7  	    0.77   
  1015.3  	    1.16   
  1036.8  	    1.57   
  1055.0  	    1.52   
  1049.2  	    1.10   
  1088.9  	    1.96   
  1072.5  	    1.16   
  1118.2  	    1.97   
  1125.8  	    1.98   
   876.2  	   37.67   
   711.9  	    1.46   
   606.7  	   25.67   
   549.8  	   17.75   
   724.3  	   18.65   
   707.3  	    8.98   
   716.3  	    7.21   
   725.7  	    6.04   
   735.4  	    5.14   
  2328.2  	  564.77   
   768.2  	    2.99   
   770.8  	    2.97   
   773.1  	    2.66   
   828.4  	    1.51   
   831.7  	    1.55   
   834.4  	    1.22   
   837.6  	    1.34   
   840.4  	    1.21   
   843.6  	    1.97   
   846.8  	    1.16   
   849.5  	    1.80   
   852.7  	    1.83   
   855.8  	    1.77   
   858.3  	    1.74   
   861.5  	    1.74   
   863.8  	    1.65   
   867.0  	    1.25   
   869.4  	    1.39   
   872.2  	    1.38   
   874.9  	    1.48   
   877.6  	    1.30   
   880.7  	    1.24   
   884.1  	    1.31   
   886.7  	    1.10   
   889.5  	    1.13   
   892.4  	    1.11   
   895.1  	    1.12   
   897.5  	    1.04   
   902.1  	    1.01   
   905.0  	    1.00   
   907.5  	    0.99   
   910.2  	    0.97   
   912.6  	    0.96   
   914.7  	    0.92   
   917.3  	    0.95   
   919.6  	    0.97   
   921.8  	    0.98   
   924.4  	    0.92   
   927.3  	    0.91   
   930.0  	    0.91   
   932.6  	    0.94   
   935.1  	    0.92   
   938.2  	    1.01   
   939.7  	    0.92   
   942.0  	    0.94   
   959.1  	    1.15   
   961.3  	    1.21   
   963.1  	    1.28   
   965.5  	    1.17   
   967.9  	    1.18   
   970.0  	    1.12   
   972.0  	    1.12   
   975.3  	    1.22   
   976.7  	    1.18   
   978.4  	    1.14   
   981.5  	    1.37   
   983.5  	    1.49   
   985.9  	    1.28   
   988.1  	    1.26   
   990.1  	    1.33   
   992.9  	    1.27   
   994.9  	    1.27   
   996.8  	    1.27   
   999.5  	    1.37   
  1001.2  	    1.34   
  1003.7  	    1.28   
  1006.1  	    1.35   
  1008.0  	    1.53   
  1009.5  	    1.51   
  1011.8  	    1.36   
  1012.4  	    1.44   
  1014.1  	    1.44   
  1015.6  	    1.46   
  1016.5  	    1.28   
  1019.4  	    1.59   
  1021.0  	    1.42   
  1024.3  	    1.41   
  1026.2  	    1.40   
  1028.8  	    1.46   
  1030.8  	    1.40   
  1032.7  	    1.42   
  1035.0  	    1.49   
  1037.3  	    1.43   
  1040.1  	    1.50   
  1041.8  	    1.51   
  1043.3  	    1.40   
  1045.0  	    1.59   
  1047.1  	    1.61   
  1049.2  	    1.53   
  1050.6  	    1.60   
  1053.4  	    1.57   
  1054.6  	    1.59   
  1056.3  	    1.47   
  1059.9  	    1.64   
  1062.6  	    1.51   
  1065.8  	    1.61   
  1068.3  	    1.61   
  1070.7  	    1.67   
  1074.0  	    1.61   
  1075.9  	    1.51   
  1078.0  	    1.69   
  1080.3  	    1.64   
  1082.3  	    1.67   
  1085.3  	    1.65   
  1088.9  	    1.71   
  1090.9  	    1.65   
  1093.6  	    1.66   
  1095.2  	    1.68   
  1096.8  	    1.71   
  1103.7  	    1.91   
  1104.6  	    1.82   
  1105.6  	    1.85   
  1107.1  	    1.87   
  1106.4  	    1.94   
  1107.4  	    1.94   
  1108.4  	    1.95   
  1109.3  	    1.96   
  1084.7  	    1.34   
  1108.5  	    1.94   
  1109.3  	    1.80   
  1101.5  	    1.41   
  1077.6  	    1.66   
  1035.2  	    1.88   
   975.3  	    0.97   
   935.5  	    1.02   
   911.7  	    0.97   
   896.1  	    1.02   
   873.7  	    0.93   
   896.7  	   38.48   
   830.2  	    1.10   
   819.6  	    1.15   
   801.6  	    1.14   
   791.2  	    1.12   
   784.9  	    1.20   
   764.0  	   32.07   
   744.3  	    1.41   
   732.1  	    1.45   
   719.8  	    1.45   
   708.0  	    1.52   
   691.5  	   27.93   
   662.8  	    1.73   
   643.8  	    1.79   
   614.9  	   25.88   
   560.3  	   17.60   
  1123.2  	   51.09   
  1097.0  	    4.33   
  1100.4  	    4.46   
  1108.4  	    4.53   
  1112.2  	    4.57   
  1119.1  	    4.77   
  1121.8  	    5.32   
  1125.2  	    5.06   
  1131.1  	    5.57   
  1133.9  	    5.55   
  1140.0  	    5.62   
  1142.4  	    5.74   
  1145.8  	    5.67   
  1151.1  	    6.00   
  1154.2  	    5.91   
  1156.8  	    5.94   
  1162.6  	    6.00   
  1165.5  	    6.25   
  1170.5  	    6.11   
  1173.4  	    6.20   
  1176.0  	    6.13   
  1181.6  	    6.32   
  1184.5  	    6.44   
  1190.5  	    5.97   
  1192.6  	    6.28   
  1196.0  	    6.10   
  1220.8  	    5.64   
  1224.7  	    5.52   
  1227.5  	    5.52   
  1230.9  	    5.44   
  1234.3  	    5.84   
  1237.3  	    5.61   
  1240.0  	    5.73   
  1242.7  	    5.65   
  1245.2  	    5.62   
  1248.7  	    5.31   
  1251.5  	    5.47   
  1253.2  	    5.70   
  1255.9  	    5.77   
  1258.9  	    5.60   
  1261.3  	    5.65   
  1263.8  	    5.64   
  1266.1  	    5.62   
  1268.0  	    5.67   
  1271.3  	    5.42   
  1273.5  	    5.66   
  1275.3  	    5.74   
  1277.9  	    5.63   
  1279.7  	    5.58   
  1281.4  	    5.65   
  1284.7  	    5.57   
  1286.8  	    5.50   
  1289.3  	    5.67   
  1290.7  	    5.78   
  1293.2  	    5.52   
  1295.7  	    5.38   
  1296.7  	    6.19   
  1299.8  	    5.46   
  1301.5  	    5.75   
  1304.0  	    5.51   
  1305.9  	    5.65   
  1307.1  	    5.88   
  1309.6  	    5.83   
  1311.2  	    5.93   
  1312.8  	    5.76   
  1314.9  	    5.74   
  1316.8  	    5.65   
  1317.7  	    6.18   
  1320.0  	    5.62   
  1320.8  	    6.16   
  1322.4  	    5.99   
  1324.2  	    6.06   
  1326.1  	    6.10   
  1327.3  	    6.09   
  1328.9  	    6.12   
  1330.2  	    6.36   
  1332.2  	    6.09   
  1333.8  	    6.10   
  1334.7  	    6.30   
  1336.4  	    6.35   
  1338.2  	    6.21   
  1339.1  	    6.33   
  1341.3  	    6.27   
  1343.0  	    6.36   
  1344.1  	    6.24   
  1345.5  	    6.35   
  1347.2  	    6.32   
  1349.5  	    6.01   
  1350.5  	    6.31   
  1351.2  	    6.11   
  1352.3  	    6.25   
  1354.2  	    6.25   
  1356.1  	    6.03   
  1357.1  	    6.02   
  1357.9  	    6.26   
  1366.8  	    6.37   
  1368.8  	    6.19   
  1369.4  	    6.46   
  1370.8  	    6.34   
  1372.7  	    6.30   
  1373.9  	    5.81   
  1374.4  	    5.97   
  1375.9  	    6.26   
  1376.0  	    6.04   
  1376.8  	    6.04   
  1378.6  	    5.70   
  1379.6  	    5.78   
  1381.2  	    5.93   
  1381.8  	    5.57   
  1383.3  	    5.95   
  1385.0  	    5.88   
  1385.1  	    5.82   
  1386.8  	    6.05   
  1387.3  	    5.93   
  1388.3  	    6.08   
  1389.2  	    5.67   
  1390.4  	    5.87   
  1390.4  	    5.97   
  1392.0  	    6.19   
  1391.7  	    6.03   
  1395.0  	    6.11   
  1394.8  	    5.94   
  1396.2  	    6.01   
  1397.5  	    5.84   
  1399.3  	    5.69   
  1398.8  	    5.97   
  1400.4  	    5.85   
  1400.4  	    5.66   
  1403.8  	    5.51   
  1402.4  	    5.96   
  1405.0  	    5.96   
  1405.8  	    5.48   
  1405.6  	    5.82   
  1406.2  	    5.94   
  1406.1  	    5.99   
  1407.9  	    5.68   
  1409.0  	    5.64   
  1410.1  	    5.90   
  1411.6  	    5.56   
  1413.2  	    6.03   
  1414.3  	    5.65   
  1414.1  	    6.04   
  1416.2  	    5.74   
  1416.1  	    5.65   
  1417.8  	    5.91   
  1418.0  	    5.78   
  1419.1  	    5.85   
  1419.2  	    5.88   
  1419.7  	    5.88   
  1420.7  	    5.82   
  1422.0  	    6.04   
  1422.3  	    5.68   
  1423.9  	    5.88   
  1424.4  	    5.72   
  1425.9  	    5.66   
  1426.3  	    5.99   
  1427.5  	    5.69   
  1428.3  	    5.63   
  1429.2  	    5.87   
  1429.9  	    5.93   
  1430.3  	    5.83   
  1431.0  	    6.18   
  1431.0  	    5.86   
  1432.9  	    5.88   
  1432.9  	    6.11   
  1434.9  	    5.77   
  1434.9  	    6.04   
  1435.8  	    5.75   
  1436.6  	    5.89   
  1437.0  	    5.75   
  1438.3  	    5.74   
  1438.0  	    6.01   
  1435.7  	    5.86   
  1413.3  	    5.28   
  1393.7  	    4.69   
  1343.3  	    3.61   
  1224.2  	    1.82   
  1079.7  	    1.53   
  1021.6  	    1.94   
   977.4  	   45.23   
   871.9  	    0.75   
   867.5  	   38.68   
   781.7  	    0.96   
   733.0  	   32.87   
   639.1  	   29.21   
  1186.7  	    1.75   
  1189.8  	    1.77   
  1192.8  	    1.76   
  1197.6  	    1.80   
  1204.2  	    1.87   
  1202.5  	    1.85   
  1208.8  	    1.92   
  1208.1  	    1.79   
  1217.6  	    1.98   
  1223.5  	    2.06   
  1225.6  	    2.05   
  1227.3  	    2.07   
  1231.2  	    2.05   
  1236.9  	    2.15   
  1239.5  	    2.17   
  1243.9  	    2.26   
  1248.6  	    2.24   
  1250.4  	    2.24   
  1255.7  	    2.33   
  1258.2  	    2.37   
  1260.5  	    2.36   
  1264.3  	    2.39   
  1269.9  	    2.49   
  1274.9  	    2.54   
  1275.7  	    2.54   
  1278.0  	    2.56   
  1281.2  	    2.57   
  1281.5  	    2.56   
  1287.2  	    2.64   
  1290.3  	    2.73   
  1294.5  	    2.77   
  1295.0  	    2.77   
  1301.3  	    2.87   
  1301.3  	    2.81   
  1304.4  	    2.86   
  1307.6  	    2.93   
  1312.8  	    2.98   
  1313.3  	    2.97   
  1315.7  	    3.05   
  1317.3  	    3.01   
  1318.8  	    3.11   
  1320.4  	    3.08   
  1323.4  	    3.15   
  1328.9  	    3.19   
  1328.8  	    3.21   
  1333.2  	    3.26   
  1335.6  	    3.29   
  1337.8  	    3.34   
  1339.2  	    3.32   
  1342.8  	    3.41   
  1352.5  	    3.56   
  1351.7  	    3.49   
  1351.9  	    3.40   
  1356.7  	    3.51   
  1357.7  	    3.51   
  1363.7  	    3.72   
  1360.9  	    3.58   
  1364.5  	    3.73   
  1367.9  	    3.75   
  1372.4  	    3.93   
  1371.0  	    3.76   
  1370.6  	    3.67   
  1377.0  	    3.90   
  1376.3  	    3.88   
  1380.5  	    3.85   
  1381.7  	    3.99   
  1381.4  	    3.88   
  1383.3  	    3.90   
  1387.2  	    4.10   
  1387.8  	    4.13   
  1386.8  	    3.92   
  1394.3  	    4.15   
  1392.7  	    4.10   
  1396.7  	    4.29   
  1394.9  	    4.18   
  1395.3  	    4.06   
  1400.6  	    4.33   
  1397.1  	    4.09   
  1402.1  	    4.26   
  1404.9  	    4.37   
  1404.3  	    4.23   
  1407.7  	    4.42   
  1407.0  	    4.29   
  1411.0  	    4.51   
  1412.4  	    4.46   
  1412.3  	    4.50   
  1415.8  	    4.58   
  1415.6  	    4.52   
  1416.9  	    4.44   
  1421.2  	    4.63   
  1420.0  	    4.58   
  1420.9  	    4.58   
  1423.6  	    4.67   
  1424.7  	    4.76   
  1425.6  	    4.66   
  1425.4  	    4.70   
  1428.9  	    4.77   
  1426.5  	    4.62   
  1433.9  	    4.95   
  1433.7  	    4.85   
  1436.2  	    4.87   
  1436.4  	    4.92   
  1438.3  	    4.92   
  1441.7  	    5.09   
  1440.0  	    4.97   
  1441.5  	    5.00   
  1444.6  	    5.02   
  1442.9  	    5.11   
  1448.5  	    5.08   
  1447.5  	    5.11   
  1449.1  	    5.22   
  1452.2  	    5.22   
  1453.0  	    5.21   
  1457.7  	    5.32   
  1451.7  	    5.21   
  1455.9  	    5.23   
  1453.9  	    5.23   
  1456.8  	    5.22   
  1460.7  	    5.39   
  1461.4  	    5.39   
  1460.4  	    5.37   
  1458.7  	    5.26   
  1460.1  	    5.34   
  1465.2  	    5.46   
  1464.5  	    5.38   
  1470.2  	    5.60   
  1469.9  	    5.60   
  1469.9  	    5.46   
  1471.8  	    5.47   
  1470.6  	    5.57   
  1474.0  	    5.62   
  1474.3  	    5.60   
  1472.6  	    5.49   
  1477.2  	    5.77   
  1473.9  	    5.59   
  1476.9  	    5.74   
  1468.3  	    5.60   
  1460.2  	    5.48   
  1429.4  	    5.30   
  1351.0  	    3.86   
  1291.0  	    2.84   
  1200.6  	    1.90   
  1170.7  	    1.70   
  1133.0  	    1.35   
  1109.3  	    1.12   
  1064.5  	    0.97   
  1038.2  	    0.82   
  1015.4  	    0.78   
   996.3  	    0.65   
   973.2  	    0.65   
   942.5  	    0.64   
   927.5  	    0.63   
   912.7  	    0.65   
   894.8  	    0.62   
   880.7  	    0.54   
   953.7  	   49.23   
   845.3  	    0.65   
   834.3  	    0.73   
   822.6  	    0.67   
   810.7  	    0.66   
   789.7  	    0.73   
   868.8  	   58.27   
   752.2  	    0.96   
   735.9  	    1.02   
   720.1  	    1.05   
   737.2  	   36.72   
   659.7  	    1.44   
   656.8  	   33.37   
  1244.3  	  140.85   
  1167.4  	   35.24   
  1170.4  	   71.48   
  1207.1  	   72.37   
  1226.4  	   81.69   
  1231.4  	   83.33   
  1669.8  	   68.84   
  1596.7  	   46.89   
  1583.0  	   49.70   
  1568.8  	   49.94   
  1556.4  	   51.88   
  1542.1  	   52.75   
  1528.8  	   53.75   
  1514.2  	   54.74   
  1495.3  	   58.40   
  1477.8  	   61.82   
  1455.2  	   64.25   
  1427.5  	   66.94   
  1405.6  	   68.62   
  1382.9  	   71.29   
  1357.4  	   72.16   
  1330.5  	   72.93   
  1305.0  	   74.37   
  1281.1  	   74.54   
  1255.9  	   76.12   
  1232.9  	   76.49   
  1206.7  	   76.24   
  1184.1  	   76.59   
  1159.7  	   76.11   
  1139.1  	   74.65   
  1668.0  	   95.55   
  1621.4  	   67.46   
  1610.3  	   70.39   
  1607.3  	   71.46   
  1603.1  	   73.00   
  1584.9  	   73.38   
  1582.3  	   76.76   
  1569.5  	   79.57   
  1556.8  	   83.39   
  1551.9  	   89.86   
  1548.9  	   88.12   
  1548.4  	   87.34   
  1544.3  	   87.65   
  1557.3  	   84.94   
  1547.3  	   91.48   
  1538.1  	   92.60   
  1535.9  	   98.26   
  1552.5  	   86.17   
  1509.9  	  114.85   
  1503.0  	  119.78   
  1491.3  	  125.26   
  1486.3  	  130.98   
  1441.6  	  137.87   
  1418.3  	  138.43   
  1399.4  	  149.74   
  1368.7  	  163.08   
  1456.4  	   18.21   
  1457.0  	   13.68   
  1356.6  	   54.23   
  1307.7  	   63.84   
  1263.7  	   70.54   
  1228.6  	   75.36   
  1221.7  	   85.87   
  1318.6  	   47.37   
  1248.6  	   94.82   
  1225.7  	   91.11   
  1245.3  	   93.08   
  1225.7  	   90.83   
  1198.9  	   87.90   
  1145.6  	   80.17   
  1128.8  	   75.94   
  1114.9  	   73.18   
  1153.6  	   78.16   
  1595.5  	   94.29   
  1678.8  	   90.40   
  1568.0  	  100.98   
  1514.3  	  109.22   
  1496.7  	  106.53   
  1436.2  	   98.55   
  1415.0  	   97.81   
  1407.7  	   98.86   
  1300.2  	   96.06   
  1301.1  	   94.37   
  1282.2  	   90.72   
  1261.3  	   86.45   
  1258.6  	   88.28   
  1213.7  	   82.64   
  1413.6  	  127.03   
  2081.4  	  161.76   
  2295.0  	   25.70   
  2298.1  	   25.31   
  2301.4  	   26.11   
  2305.8  	   25.84   
  2306.9  	   26.20   
  2312.9  	   25.67   
  2313.7  	   26.90   
  2319.8  	   26.13   
  2325.3  	   26.08   
  2328.2  	   26.35   
  2334.0  	   26.25   
  2335.4  	   26.06   
  2339.3  	   26.52   
  2346.5  	   26.00   
  2347.3  	   26.37   
  2352.9  	   27.32   
  2355.8  	   27.08   
  2358.5  	   26.91   
  2363.3  	   27.74   
  2363.7  	   26.39   
  2369.6  	   27.09   
  2376.6  	   27.03   
  2375.6  	   26.78   
  2379.7  	   26.71   
  2382.0  	   28.06   
  2383.1  	   28.26   
  2388.2  	   27.64   
  2391.6  	   27.39   
  2392.9  	   27.57   
  2398.0  	   27.36   
  2400.8  	   28.17   
  2405.0  	   27.93   
  2402.8  	   29.35   
  2411.4  	   28.01   
  2410.9  	   28.12   
  2416.6  	   28.37   
  2419.0  	   28.31   
  2420.3  	   27.73   
  2423.8  	   28.00   
  2426.7  	   27.91   
  2429.4  	   27.80   
  2431.3  	   27.99   
  2430.8  	   28.66   
  2432.5  	   29.23   
  2438.2  	   28.28   
  2437.7  	   29.13   
  2439.0  	   28.65   
  2441.9  	   28.32   
  2446.7  	   28.33   
  2447.2  	   28.60   
  2449.7  	   28.64   
  2452.5  	   29.11   
  2455.8  	   27.84   
  2457.5  	   28.48   
  2459.1  	   28.85   
  2455.8  	   29.45   
  2461.4  	   28.88   
  2460.3  	   28.82   
  2466.2  	   28.57   
  2468.3  	   28.80   
  2465.9  	   29.18   
  2471.2  	   29.87   
  2475.0  	   28.83   
  2475.1  	   29.21   
  2477.4  	   28.79   
  2477.5  	   28.77   
  2480.6  	   29.10   
  2483.2  	   28.78   
  2483.2  	   28.78   
  2486.6  	   28.98   
  2487.2  	   29.89   
  2491.0  	   29.09   
  2490.7  	   29.73   
  2493.0  	   29.76   
  2495.7  	   29.68   
  2497.4  	   29.67   
  2496.9  	   29.54   
  2499.7  	   30.02   
  2501.1  	   29.37   
  2499.1  	   29.83   
  2500.9  	   29.53   
  2505.0  	   29.78   
  2503.1  	   30.12   
  2507.0  	   29.90   
  2509.6  	   29.16   
  2508.2  	   30.40   
  2511.0  	   29.47   
  2511.9  	   29.56   
  2514.0  	   29.83   
  2514.3  	   29.86   
  2517.9  	   29.84   
  2517.5  	   30.42   
  2520.5  	   29.72   
  2520.3  	   30.11   
  2520.2  	   30.21   
  2522.9  	   30.81   
  2527.5  	   29.53   
  2525.2  	   29.21   
  2529.6  	   29.78   
  2529.4  	   30.23   
  2530.8  	   29.40   
  2529.7  	   30.52   
  2532.6  	   30.58   
  2532.5  	   29.19   
  2534.3  	   29.93   
  2534.8  	   29.88   
  2537.1  	   30.10   
  2540.9  	   30.40   
  2539.0  	   30.59   
  2538.1  	   30.72   
  2541.4  	   30.77   
  2542.7  	   30.04   
  2541.0  	   30.59   
  2540.7  	   31.42   
  2541.6  	   30.35   
  2543.8  	   29.59   
  2546.9  	   30.85   
  2548.5  	   29.70   
  2553.4  	   29.94   
  2554.0  	   30.70   
  2553.6  	   30.77   
  2557.4  	   30.34   
  2541.9  	   30.12   
  2527.6  	   30.42   
  2479.0  	   29.22   
  2265.3  	   24.77   
  2137.9  	   21.39   
  2045.0  	   19.12   
  1915.6  	   17.87   
  1790.0  	   13.83   
  1739.6  	   12.46   
  1693.5  	   11.14   
  1649.2  	   10.00   
  1575.7  	    8.32   
  1535.0  	    7.45   
  1508.9  	    6.86   
  1481.4  	    6.33   
  1454.0  	    5.73   
  1422.4  	    5.01   
  1374.1  	    4.26   
  1349.7  	    3.82   
  1327.0  	    3.45   
  1305.6  	    3.14   
  1290.9  	    3.02   
  1273.1  	    2.84   
  1253.2  	    2.46   
  1215.4  	    2.09   
  1201.7  	    2.01   
  1183.1  	    1.67   
  1169.6  	    1.54   
  1155.0  	    1.42   
  1141.5  	    1.41   
  1129.4  	    1.32   
  1113.1  	    1.11   
  1089.3  	    1.04   
  1072.3  	    0.88   
  1060.4  	    0.89   
  1048.4  	    0.83   
  1038.2  	    0.73   
  1026.9  	    0.74   
  1014.8  	    0.69   
  1003.3  	    0.67   
   994.2  	    0.69   
   974.3  	    0.63   
   960.1  	    0.63   
   951.9  	    0.58   
   942.2  	    0.60   
   932.2  	    0.55   
   925.0  	    0.54   
   915.1  	    0.54   
   903.3  	    0.52   
   895.2  	    0.52   
  2092.0  	 1384.79   
   873.4  	    0.53   
   859.0  	    0.53   
   853.1  	    0.54   
   845.6  	    0.52   
   833.4  	    0.56   
   827.1  	    0.54   
   819.7  	    0.53   
   808.6  	    0.52   
   909.9  	   50.48   
   784.1  	    0.71   
   774.1  	    0.71   
   763.1  	    0.76   
   752.9  	    0.77   
   744.1  	    0.79   
   733.6  	    0.87   
   782.2  	   42.20   
   698.8  	    1.15   
   683.0  	    1.24   
   668.5  	    1.28   
   699.3  	   38.02   
   610.4  	    1.77   
   599.8  	   36.06   
  1691.0  	   10.77   
  1696.3  	   10.95   
  1700.3  	   11.11   
  1700.7  	   10.96   
  1710.5  	   11.37   
  1714.5  	   11.28   
  1722.6  	   11.71   
  1725.6  	   11.68   
  1732.5  	   11.94   
  1741.2  	   12.29   
  1745.5  	   12.28   
  1757.1  	   12.81   
  1756.9  	   12.66   
  1757.5  	   12.71   
  1767.9  	   12.88   
  1765.9  	   12.96   
  1776.6  	   13.22   
  1775.2  	   13.08   
  1784.0  	   13.40   
  1787.2  	   13.65   
  1793.9  	   13.76   
  1797.2  	   13.81   
  1799.2  	   13.91   
  1803.5  	   14.05   
  1806.8  	   14.13   
  1812.0  	   14.33   
  1813.2  	   14.34   
  1817.4  	   14.40   
  1817.7  	   14.53   
  1823.0  	   14.59   
  1827.6  	   14.84   
  1830.4  	   14.85   
  1873.7  	   15.03   
  1837.1  	   15.11   
  1842.0  	   15.29   
  1844.8  	   15.40   
  1888.1  	   15.77   
  1892.9  	   15.77   
  1857.1  	   15.83   
  1857.6  	   15.75   
  1861.2  	   15.84   
  1904.2  	   16.02   
  1867.5  	   16.07   
  1911.6  	   16.19   
  1873.9  	   16.22   
  1910.2  	   16.05   
  1878.4  	   16.42   
  1921.7  	   16.69   
  1919.9  	   16.15   
  1923.4  	   16.61   
  1925.0  	   16.54   
  1926.3  	   17.09   
  1929.0  	   16.40   
  1932.0  	   16.53   
  1933.5  	   16.54   
  1935.7  	   16.94   
  1940.7  	   16.90   
  1942.1  	   17.00   
  1943.9  	   16.71   
  1948.0  	   16.89   
  1950.4  	   16.99   
  1952.7  	   16.96   
  1954.4  	   17.60   
  1957.6  	   17.18   
  1959.9  	   16.78   
  1961.3  	   17.53   
  1964.4  	   17.50   
  1967.6  	   17.13   
  1970.6  	   17.42   
  1973.3  	   17.21   
  1976.2  	   17.41   
  1977.6  	   17.02   
  1980.6  	   17.27   
  1984.5  	   17.26   
  1985.5  	   17.47   
  1988.9  	   17.56   
  1991.1  	   17.61   
  1992.6  	   17.32   
  1997.1  	   17.88   
  1997.5  	   17.69   
  1999.0  	   17.81   
  2009.0  	   18.33   
  2013.1  	   17.53   
  2013.5  	   18.09   
  2016.0  	   17.97   
  2015.5  	   18.36   
  2015.9  	   18.79   
  2021.8  	   18.19   
  2022.8  	   18.63   
  2022.2  	   18.80   
  2023.1  	   18.41   
  2027.0  	   18.08   
  2029.1  	   17.88   
  2030.2  	   18.19   
  2030.6  	   18.44   
  2035.1  	   18.54   
  2034.7  	   18.72   
  2039.4  	   18.62   
  2039.7  	   18.70   
  2042.3  	   19.24   
  2046.1  	   18.69   
  2046.6  	   18.80   
  2047.1  	   18.78   
  2049.5  	   18.95   
  2051.2  	   18.61   
  2053.7  	   18.86   
  2051.4  	   19.37   
  2055.4  	   18.92   
  2057.4  	   18.99   
  2056.7  	   19.14   
  2060.0  	   19.15   
  2063.7  	   19.11   
  2062.3  	   19.02   
  2066.4  	   18.87   
  2067.3  	   19.27   
  2066.8  	   18.88   
  2067.0  	   19.25   
  2070.2  	   19.13   
  2072.6  	   19.33   
  2073.3  	   19.09   
  2076.2  	   19.16   
  2076.7  	   19.25   
  2077.6  	   19.44   
  2076.6  	   19.58   
  2080.5  	   19.25   
  2079.5  	   19.30   
  2080.9  	   19.47   
  2082.5  	   19.33   
  2084.7  	   19.35   
  2084.3  	   19.89   
  2088.1  	   19.47   
  2088.0  	   19.76   
  2090.0  	   19.64   
  2090.4  	   19.48   
  2092.0  	   19.42   
  2094.0  	   19.87   
  2091.9  	   19.89   
  2096.1  	   19.16   
  2096.8  	   19.47   
  2092.7  	   19.73   
  2087.2  	   19.34   
  2087.6  	   20.34   
  2052.1  	   19.51   
  1954.2  	   17.77   
  1802.7  	   14.74   
  1646.0  	   10.19   
  1590.2  	    8.68   
  1553.4  	    7.80   
  1513.7  	    7.14   
  1445.3  	    5.57   
  1420.4  	    5.27   
  1392.5  	    4.80   
  1361.7  	    4.22   
  1333.6  	    3.63   
  1286.5  	    3.03   
  1261.6  	    2.56   
  1241.0  	    2.42   
  1225.0  	    2.24   
  1207.4  	    2.09   
  1187.1  	    1.83   
  1152.3  	    1.49   
  1136.0  	    1.35   
  1119.3  	    1.31   
  1103.2  	    1.12   
  1086.3  	    1.06   
  1075.4  	    0.93   
  1060.6  	    0.97   
  1032.8  	    0.80   
  1019.6  	    0.75   
  1008.3  	    0.73   
   992.2  	    0.69   
   980.6  	    0.68   
   967.5  	    0.58   
   956.4  	    0.61   
   945.5  	    0.56   
  1055.2  	   61.41   
   916.7  	    0.56   
   905.4  	    0.59   
   892.2  	    0.52   
   881.8  	    0.54   
   870.7  	    0.54   
   858.9  	    0.51   
   848.3  	    0.54   
   947.9  	   51.96   
   822.1  	    0.60   
   814.1  	    0.65   
   805.9  	    0.64   
   795.4  	    0.65   
   786.8  	    0.69   
   778.7  	    0.64   
   768.3  	    0.69   
   857.2  	   46.10   
   736.5  	    0.91   
   723.0  	    1.02   
   711.1  	    1.06   
   698.0  	    1.10   
   731.7  	   39.31   
   647.1  	    1.49   
   660.0  	   35.97   
   579.8  	   29.97   
   904.1  	   16.43   
   864.7  	   33.92   
   857.1  	   30.27   
   859.8  	   26.95   
   864.6  	   23.78   
   872.0  	   21.40   
   876.1  	   20.28   
   881.6  	   18.30   
   888.0  	   16.37   
   897.1  	   14.82   
   906.0  	   13.77   
   917.8  	   12.21   
   968.5  	   39.51   
   949.1  	    9.11   
   950.8  	    9.01   
   952.6  	    8.92   
   957.4  	    8.82   
   962.2  	    8.72   
   965.7  	    8.58   
   969.6  	    8.42   
   973.4  	    8.29   
   977.1  	    8.08   
   980.6  	    8.06   
   984.4  	    8.28   
   986.0  	    8.12   
   989.7  	    8.35   
   993.2  	    8.01   
   995.9  	    7.73   
   999.2  	    7.71   
  1002.1  	    7.89   
  1003.0  	    7.57   
  1004.8  	    7.80   
  1008.0  	    7.75   
  1010.9  	    7.94   
  1013.5  	    8.07   
  1016.0  	    7.94   
  1019.6  	    7.72   
  1022.8  	    7.72   
  1027.2  	    8.03   
  1029.9  	    7.86   
  1033.2  	    7.66   
  1036.5  	    7.87   
  1041.4  	    8.12   
  1043.4  	    8.13   
  1047.0  	    8.26   
  1054.2  	    7.98   
  1060.7  	    8.22   
  1068.5  	    8.15   
  1075.6  	    8.33   
  1080.5  	    8.26   
  1084.8  	    8.67   
  1091.3  	    8.88   
  1096.3  	    8.46   
  1100.9  	    8.63   
  1104.7  	    8.64   
  1108.2  	    8.98   
  1112.0  	    9.10   
  1116.7  	    9.56   
  1117.9  	    9.65   
  1117.2  	    9.27   
  1116.1  	    8.61   
  1115.2  	    8.23   
  1115.4  	    7.96   
  1116.2  	    8.37   
  1117.8  	    8.18   
  1120.2  	    8.20   
  1123.0  	    8.32   
  1124.7  	    8.21   
  1123.8  	    8.15   
  1126.5  	    8.31   
  1129.0  	    8.09   
  1131.8  	    8.14   
  1134.1  	    8.32   
  1135.6  	    8.45   
  1137.6  	    8.55   
  1139.6  	    8.99   
  1176.8  	   11.18   
  1177.3  	   11.71   
  1179.4  	   12.10   
  1181.1  	   11.95   
  1184.1  	   12.40   
  1184.1  	   12.48   
  1186.8  	   12.89   
  1189.2  	   12.93   
  1193.4  	   13.68   
  1196.1  	   14.48   
  1201.4  	   15.55   
  1202.4  	   16.01   
  1202.0  	   16.41   
  1202.8  	   15.78   
  1205.2  	   16.20   
  1207.2  	   17.46   
  1201.7  	   17.52   
  1207.1  	   21.25   
  1159.1  	   19.64   
  1058.2  	   53.35   
   994.4  	   47.90   
   908.0  	    1.23   
   895.3  	    1.18   
   882.9  	    1.10   
   875.0  	    1.16   
   866.2  	    1.10   
   862.6  	    1.17   
   911.2  	   41.16   
   837.6  	    1.29   
   829.8  	    1.33   
   819.8  	    1.35   
   810.6  	    1.25   
   805.7  	    1.33   
   800.1  	    1.32   
   791.0  	    1.37   
   785.4  	    1.36   
   787.7  	   34.42   
   761.9  	    1.49   
   751.2  	    1.55   
   740.2  	    1.51   
   729.7  	    1.54   
   718.1  	    1.59   
   709.2  	   29.57   
   680.2  	    1.84   
   662.4  	    1.89   
   619.3  	   27.41   
   556.6  	   23.74   
  2070.6  	   22.45   
  1002.4  	   24.30   
   973.0  	   32.26   
   972.6  	   30.17   
   971.6  	   28.59   
   979.3  	   29.40   
   982.8  	   28.67   
   980.3  	   26.80   
   986.8  	   26.34   
   988.3  	   26.46   
   991.9  	   26.79   
   993.0  	   25.63   
   996.1  	   25.08   
   995.1  	   24.14   
   998.4  	   24.28   
   997.7  	   23.47   
   995.7  	   22.93   
   994.3  	   22.40   
   994.8  	   22.19   
   994.4  	   21.48   
   994.9  	   21.07   
   998.9  	   21.07   
   998.2  	   20.33   
   999.8  	   19.80   
  1001.0  	   19.21   
  1002.4  	   18.83   
  1007.0  	   18.79   
  1011.8  	   18.85   
  1015.2  	   18.47   
  1020.5  	   18.73   
  1023.9  	   19.20   
  1055.7  	   25.98   
  1059.9  	   26.18   
  1062.2  	   26.39   
  1064.0  	   24.95   
  1063.9  	   24.73   
  1059.4  	   24.17   
  1058.4  	   23.35   
  1060.6  	   23.09   
  1060.6  	   23.81   
  1060.7  	   22.03   
  1062.1  	   21.88   
  1065.7  	   21.74   
  1068.3  	   21.96   
  1068.9  	   23.39   
  1070.2  	   21.40   
  1070.6  	   21.31   
  1072.0  	   22.27   
  1071.2  	   21.99   
  1068.5  	   21.08   
  1072.3  	   20.91   
  1076.7  	   21.04   
  1081.1  	   21.31   
  1083.6  	   21.66   
  1087.5  	   21.73   
  1092.4  	   21.88   
  1124.0  	   44.40   
  1096.2  	   21.31   
  1098.3  	   20.79   
  1098.6  	   20.30   
  1099.4  	   19.86   
  1100.2  	   19.58   
  1099.9  	   19.37   
  1101.5  	   19.28   
  1101.2  	   18.71   
  1102.7  	   18.66   
  1105.2  	   18.45   
  1105.7  	   18.43   
  1105.6  	   18.43   
  1110.1  	   18.23   
  1110.8  	   18.10   
  1112.8  	   18.08   
  1116.5  	   17.81   
  1116.9  	   17.25   
  1117.2  	   17.39   
  1120.5  	   17.06   
  1122.3  	   17.04   
  1123.0  	   16.79   
  1125.2  	   16.65   
  1127.8  	   16.71   
  1129.5  	   16.70   
  1129.6  	   16.69   
  1131.0  	   16.15   
  1130.8  	   15.98   
  1133.4  	   16.04   
  1134.7  	   16.00   
  1136.9  	   16.16   
  1142.3  	   16.60   
  1149.1  	   17.05   
  1152.8  	   17.18   
  1152.9  	   16.54   
  1153.2  	   16.17   
  1154.2  	   15.93   
  1153.9  	   16.03   
  1152.6  	   15.72   
  1145.1  	   14.84   
  1139.4  	   15.55   
  1074.3  	   11.07   
   967.3  	   42.46   
   914.0  	    1.37   
   889.2  	    1.38   
   858.6  	   36.05   
   756.2  	    1.51   
   720.7  	   29.36   
   614.7  	   27.42   
  2637.6  	   33.09   
  2641.7  	   33.48   
  2648.5  	   32.72   
  2650.3  	   32.75   
  2655.3  	   33.16   
  2658.1  	   35.69   
  2666.8  	   32.95   
  2667.8  	   33.75   
  2674.5  	   33.88   
  2674.8  	   34.80   
  2681.7  	   33.82   
  2686.2  	   34.26   
  2690.0  	   34.29   
  2695.7  	   34.46   
  2699.7  	   35.23   
  2701.8  	   33.52   
  2706.5  	   35.36   
  2710.0  	   34.84   
  2717.5  	   34.29   
  2719.1  	   35.16   
  2723.3  	   34.95   
  2726.5  	   35.32   
  2730.1  	   34.57   
  2729.7  	   35.12   
  2736.6  	   36.01   
  2738.0  	   34.33   
  2748.3  	   35.42   
  2750.5  	   34.94   
  2751.7  	   33.23   
  2752.9  	   37.04   
  2758.6  	   34.31   
  2765.0  	   34.98   
  2769.6  	   35.35   
  2770.6  	   36.22   
  2771.2  	   36.75   
  2773.8  	   34.09   
  2779.2  	   36.03   
  2781.7  	   35.78   
  2787.2  	   35.81   
  2791.1  	   36.46   
  2791.4  	   34.49   
  2790.8  	   35.70   
  2799.3  	   37.24   
  2801.1  	   36.61   
  2799.2  	   36.87   
  2803.0  	   37.99   
  2805.6  	   36.55   
  2809.4  	   37.74   
  2814.8  	   35.21   
  2810.7  	   37.48   
  2817.2  	   37.29   
  2823.2  	   36.36   
  2822.4  	   35.42   
  2828.3  	   37.63   
  2828.2  	   37.79   
  2826.9  	   38.07   
  2834.6  	   37.05   
  2835.4  	   38.43   
  2839.8  	   36.02   
  2840.5  	   37.04   
  2843.9  	   37.77   
  2847.3  	   36.85   
  2845.7  	   38.49   
  2848.6  	   37.72   
  2851.4  	   38.19   
  2855.3  	   37.10   
  2858.6  	   37.12   
  2859.5  	   37.57   
  2863.6  	   36.98   
  2863.1  	   39.38   
  2865.6  	   38.24   
  2869.0  	   39.22   
  2871.4  	   38.70   
  2873.9  	   38.04   
  2881.0  	   37.95   
  2883.3  	   37.46   
  2881.8  	   38.84   
  2886.3  	   38.19   
  2890.6  	   38.68   
  2888.5  	   38.43   
  2890.4  	   38.70   
  2888.4  	   39.60   
  2895.3  	   38.53   
  2898.7  	   38.90   
  2895.6  	   38.42   
  2900.9  	   38.34   
  2900.2  	   40.41   
  2897.8  	   38.97   
  2904.5  	   38.95   
  2902.1  	   40.36   
  2905.8  	   39.81   
  2908.5  	   39.35   
  2911.0  	   38.64   
  2910.2  	   38.43   
  2913.4  	   38.82   
  2913.7  	   39.22   
  2912.3  	   40.16   
  2920.1  	   37.64   
  2916.6  	   39.16   
  2915.8  	   39.31   
  2919.7  	   39.58   
  2919.0  	   39.80   
  2915.2  	   42.58   
  2922.6  	   38.95   
  2922.7  	   38.93   
  2924.9  	   39.22   
  2927.5  	   38.80   
  2928.1  	   39.45   
  2931.8  	   40.06   
  2933.8  	   39.49   
  2932.7  	   40.73   
  2933.8  	   39.02   
  2933.5  	   38.89   
  2932.3  	   40.59   
  2935.5  	   39.49   
  2934.0  	   39.47   
  2936.9  	   40.32   
  2940.0  	   39.80   
  2939.8  	   38.46   
  2937.2  	   41.41   
  2940.3  	   40.37   
  2939.1  	   39.15   
  2941.7  	   40.05   
  2946.5  	   39.67   
  2944.5  	   39.79   
  2947.3  	   40.34   
  2947.2  	   39.84   
  2944.0  	   40.72   
  2949.1  	   39.48   
  2948.8  	   40.91   
  2948.4  	   40.21   
  2953.3  	   40.55   
  2950.3  	   41.27   
  2955.7  	   39.18   
  2962.1  	   40.42   
  2960.3  	   41.77   
  2954.9  	   40.32   
  2943.6  	   40.30   
  2919.3  	   41.17   
  2737.4  	   33.82   
  2558.1  	   28.64   
  2315.8  	   22.30   
  2188.0  	   20.62   
  2119.1  	   19.31   
  1949.1  	   19.10   
  1896.4  	   17.44   
  1851.1  	   15.74   
  1809.2  	   14.68   
  1761.7  	   13.14   
  1688.9  	   11.29   
  1655.6  	   10.36   
  1624.0  	    9.58   
  1592.7  	    8.80   
  1561.9  	    7.88   
  1537.9  	    7.47   
  1484.9  	    6.35   
  1458.8  	    5.85   
  1437.1  	    5.38   
  1413.9  	    5.00   
  1395.1  	    4.68   
  1375.5  	    4.31   
  1355.0  	    3.94   
  1318.6  	    3.36   
  1302.1  	    3.15   
  1285.6  	    2.94   
  1271.1  	    2.76   
  1258.8  	    2.63   
  1242.4  	    2.48   
  1227.1  	    2.11   
  1212.3  	    1.97   
  1201.6  	    1.92   
  1171.8  	    1.61   
  1158.2  	    1.50   
  1142.4  	    1.39   
  1128.4  	    1.20   
  1118.8  	    1.27   
  1103.5  	    1.13   
  1090.5  	    1.01   
  1082.9  	    0.99   
  1069.5  	    0.87   
  1047.1  	    0.85   
  1037.6  	    0.78   
  1028.5  	    0.74   
  1015.5  	    0.68   
  1003.9  	    0.69   
   995.3  	    0.69   
   983.3  	    0.64   
   973.5  	    0.64   
   964.7  	    0.58   
   957.8  	    0.57   
   938.6  	    0.59   
   929.9  	    0.56   
   919.8  	    0.58   
   908.9  	    0.53   
   903.6  	    0.57   
   893.2  	    0.56   
   884.1  	    0.54   
   876.5  	    0.54   
   866.8  	    0.50   
   859.1  	    0.50   
   965.1  	   54.39   
   837.4  	    0.58   
   830.5  	    0.54   
   824.5  	    0.58   
   817.4  	    0.62   
   803.7  	    0.62   
   795.9  	    0.63   
   790.8  	    0.65   
   784.7  	    0.65   
   874.8  	   47.72   
   752.8  	    0.87   
   742.8  	    0.88   
   731.6  	    0.94   
   722.8  	    0.97   
   712.5  	    1.03   
   755.6  	   40.21   
   673.9  	    1.32   
   657.5  	    1.41   
   686.2  	   37.42   
   600.1  	    1.86   
   589.3  	   35.56   
  1162.3  	   39.77   
  1161.7  	   39.62   
  1166.9  	   40.40   
  1170.8  	   41.32   
  1173.8  	   41.50   
  1177.6  	   42.45   
  1181.0  	   43.05   
  1185.9  	   43.76   
  1191.3  	   44.74   
  1195.8  	   45.05   
  1200.7  	   46.47   
  1201.5  	   46.32   
  1205.2  	   47.21   
  1206.1  	   47.45   
  1212.1  	   48.42   
  1212.7  	   48.67   
  1215.4  	   48.89   
  1220.3  	   50.22   
  1224.5  	   50.85   
  1225.8  	   51.42   
  1229.2  	   52.27   
  1232.2  	   52.66   
  1235.4  	   53.23   
  1238.6  	   53.98   
  1242.4  	   54.81   
  1245.1  	   55.05   
  1248.5  	   55.18   
  1254.1  	   54.58   
  1258.2  	   55.42   
  1259.0  	   55.31   
  1261.2  	   55.86   
  1264.0  	   55.52   
  1267.2  	   55.72   
  1269.2  	   56.14   
  1269.8  	   55.59   
  1271.6  	   55.42   
  1277.5  	   55.55   
  1281.4  	   56.12   
  1289.1  	   56.31   
  1292.6  	   57.35   
  1298.4  	   56.68   
  1303.6  	   56.78   
  1329.9  	   72.34   
  1334.4  	   73.53   
  1335.8  	   74.86   
  1339.1  	   75.88   
  1341.3  	   76.57   
  1343.7  	   77.70   
  1346.2  	   78.66   
  1346.4  	   79.16   
  1346.2  	   78.95   
  1340.1  	   79.06   
  1338.5  	   78.28   
  1342.5  	   78.75   
  1350.8  	   81.29   
  1355.5  	   81.71   
  1360.1  	   82.73   
  1365.2  	   84.69   
  1368.4  	   85.66   
  1371.9  	   86.05   
  1376.2  	   87.47   
  1377.8  	   86.72   
  1379.4  	   88.29   
  1381.0  	   89.35   
  1383.6  	   88.87   
  1387.1  	   90.37   
  1387.7  	   91.05   
  1388.1  	   91.71   
  1391.9  	   92.39   
  1394.3  	   92.39   
  1395.9  	   93.51   
  1395.2  	   93.68   
  1397.5  	   94.84   
  1400.3  	   95.36   
  1402.9  	   95.98   
  1405.9  	   97.05   
  1407.6  	   97.71   
  1409.0  	   97.91   
  1404.2  	   97.66   
  1401.7  	   97.37   
  1402.1  	   96.96   
  1401.4  	   97.00   
  1401.1  	   97.35   
  1406.7  	   98.67   
  1414.4  	  101.42   
  1418.2  	  101.64   
  1421.9  	  102.45   
  1425.3  	  103.33   
  1427.8  	  104.51   
  1432.5  	  106.42   
  1434.2  	  108.06   
  1431.4  	  106.80   
  1428.8  	  106.17   
  1433.0  	  106.73   
  1439.2  	  109.40   
  1443.8  	  110.25   
  1444.3  	  110.86   
  1440.8  	  110.85   
  1437.9  	  109.31   
  1443.7  	  111.25   
  1446.1  	  112.40   
  1448.0  	  111.92   
  1449.7  	  112.70   
  1450.5  	  113.40   
  1451.3  	  112.64   
  1451.7  	  113.44   
  1452.0  	  113.93   
  1453.9  	  114.13   
  1454.8  	  114.31   
  1452.5  	  114.70   
  1451.9  	  113.51   
  1452.7  	  113.57   
  1452.8  	  112.98   
  1453.5  	  114.24   
  1454.5  	  114.22   
  1455.6  	  115.14   
  1457.5  	  114.78   
  1457.5  	  115.44   
  1460.3  	  115.79   
  1457.4  	  115.96   
  1460.2  	  116.60   
  1460.4  	  116.59   
  1459.3  	  116.35   
  1461.8  	  116.96   
  1462.7  	  117.01   
  1462.4  	  116.95   
  1461.8  	  117.51   
  1464.3  	  117.33   
  1464.6  	  117.65   
  1464.1  	  118.13   
  1464.5  	  118.31   
  1463.9  	  119.27   
  1456.4  	  120.10   
  1445.6  	  121.22   
  1416.5  	  162.88   
  1307.6  	  126.08   
  1113.3  	    2.85   
  1093.9  	   52.05   
  1048.0  	    1.13   
  1025.5  	    1.14   
  1016.4  	    1.13   
  1008.1  	    1.04   
   994.3  	    1.09   
  1003.4  	   44.36   
   966.5  	    1.07   
   957.8  	    1.03   
   949.3  	    1.05   
   941.5  	    1.05   
   933.8  	    1.05   
   926.4  	    1.03   
   918.8  	    1.11   
   911.9  	    1.05   
   904.8  	    1.04   
   910.7  	   37.47   
   876.0  	    1.08   
   864.6  	    1.18   
   853.2  	    1.11   
   842.2  	    1.19   
   831.6  	    1.21   
   769.3  	    1.59   
   776.2  	   30.85   
   729.2  	    1.82   
   712.5  	    1.85   
   697.6  	   26.43   
   647.0  	    1.91   
   591.1  	   22.49   
  1125.3  	   25.21   
  1120.7  	   25.29   
  1119.3  	   25.50   
  1117.2  	   25.64   
  1115.1  	   25.85   
  1111.9  	   25.55   
  1111.4  	   25.81   
  1111.0  	   26.06   
  1111.2  	   26.29   
  1109.9  	   26.94   
  1111.1  	   27.25   
  1109.5  	   27.16   
  1111.2  	   27.73   
  1111.2  	   27.77   
  1114.1  	   28.65   
  1115.9  	   28.79   
  1114.8  	   28.81   
  1117.0  	   29.25   
  1118.9  	   29.55   
  1121.8  	   29.81   
  1121.8  	   29.96   
  1126.1  	   30.60   
  1129.4  	   31.46   
  1131.5  	   31.37   
  1132.3  	   32.03   
  1135.4  	   31.97   
  1138.0  	   32.35   
  1141.8  	   32.27   
  1144.5  	   32.62   
  1147.7  	   32.93   
  1151.1  	   33.45   
  1153.5  	   34.20   
  1155.5  	   34.00   
  1157.2  	   33.92   
  1159.6  	   34.40   
  1164.5  	   35.12   
  1167.0  	   35.36   
  1171.0  	   35.57   
  1174.1  	   35.86   
  1177.5  	   36.50   
  1170.1  	   35.67   
  1165.5  	   34.88   
  1162.2  	   34.84   
  1163.6  	   34.78   
  1162.7  	   35.12   
  1164.0  	   34.91   
  1160.8  	   34.71   
  1161.0  	   34.71   
  1168.1  	   35.73   
  1168.5  	   35.83   
  1167.5  	   35.23   
  1167.7  	   35.39   
  1166.5  	   35.31   
  1167.0  	   34.89   
  1169.6  	   35.16   
  1171.9  	   35.74   
  1177.1  	   35.87   
  1179.3  	   36.05   
  1181.5  	   36.63   
  1183.7  	   36.46   
  1185.8  	   37.06   
  1189.9  	   37.08   
  1190.7  	   37.26   
  1192.0  	   37.62   
  1192.6  	   37.26   
  1194.9  	   37.61   
  1196.4  	   37.73   
  1196.9  	   37.84   
  1198.5  	   38.01   
  1201.1  	   38.77   
  1202.9  	   38.91   
  1207.5  	   38.87   
  1212.1  	   39.19   
  1213.4  	   38.74   
  1216.4  	   38.67   
  1218.4  	   38.68   
  1219.6  	   38.88   
  1222.3  	   38.72   
  1223.1  	   38.62   
  1224.8  	   38.83   
  1227.6  	   38.84   
  1227.9  	   38.64   
  1225.8  	   39.11   
  1223.4  	   39.07   
  1218.5  	   38.98   
  1206.7  	   37.99   
  1192.3  	   35.68   
  1187.0  	   35.10   
  1187.7  	   35.02   
  1185.2  	   34.62   
  1185.9  	   33.68   
  1184.6  	   33.07   
  1191.0  	   33.83   
  1190.9  	   33.53   
  1190.3  	   33.62   
  1192.9  	   33.82   
  1198.7  	   34.65   
  1199.7  	   34.74   
  1203.7  	   35.22   
  1209.4  	   35.42   
  1213.4  	   35.51   
  1216.8  	   36.19   
  1218.2  	   35.97   
  1220.0  	   35.86   
  1224.4  	   35.91   
  1227.3  	   36.31   
  1229.3  	   35.26   
  1232.4  	   35.74   
  1235.6  	   35.95   
  1232.0  	   35.85   
  1237.8  	   35.76   
  1240.0  	   35.70   
  1242.8  	   35.20   
  1244.3  	   35.64   
  1244.9  	   35.16   
  1247.8  	   34.72   
  1249.2  	   34.74   
  1248.6  	   34.88   
  1249.7  	   34.70   
  1250.9  	   34.95   
  1253.1  	   34.67   
  1252.1  	   34.30   
  1258.9  	   35.13   
  1262.3  	   35.62   
  1267.0  	   35.80   
  1269.0  	   36.23   
  1269.7  	   36.19   
  1273.7  	   36.73   
  1275.9  	   36.31   
  1276.3  	   36.68   
  1280.7  	   36.70   
  1271.9  	   36.36   
  1266.3  	   35.50   
  1257.0  	   38.81   
  1023.6  	    1.71   
   991.2  	    0.92   
   969.6  	    0.98   
   957.1  	    0.71   
   960.2  	   40.89   
   918.0  	    0.85   
   910.3  	    0.87   
   902.5  	    0.83   
   888.0  	    0.96   
   874.2  	    0.98   
   867.6  	    0.92   
   894.0  	   80.46   
   765.2  	    1.60   
   749.7  	    1.67   
   735.6  	    1.59   
   721.4  	    1.56   
   708.0  	    1.58   
   694.8  	    1.65   
   682.4  	    1.61   
   678.0  	   25.52   
   633.3  	    1.80   
   607.3  	   23.96   
  2785.0  	   54.46   
  2837.0  	   56.50   
  2867.9  	   60.50   
  2888.7  	   64.26   
  2914.4  	   67.82   
  2939.2  	   69.49   
  2958.1  	   70.93   
  2983.6  	   68.10   
  3006.3  	   68.21   
  3031.3  	   66.15   
  3048.2  	   67.16   
  3067.3  	   65.51   
  3083.0  	   66.54   
  3098.9  	   65.33   
  3118.8  	   64.19   
  3116.2  	   65.42   
  3135.2  	   65.83   
  3135.8  	   65.92   
  3158.6  	   66.61   
  3168.1  	   66.50   
  3169.5  	   68.17   
  3171.0  	   69.42   
  3177.0  	   72.86   
  3182.3  	   71.22   
  3169.9  	   70.63   
  3157.4  	   73.92   
  3170.3  	   73.01   
  3166.9  	   71.78   
  3168.4  	   71.58   
  3173.0  	   71.52   
  3170.8  	   71.91   
  3170.1  	   75.86   
  3186.0  	   73.13   
  3175.4  	   74.77   
  3192.3  	   72.72   
  3182.3  	   75.04   
  3202.8  	   73.20   
  3164.8  	   79.10   
  3166.5  	   79.13   
  3164.4  	   80.34   
  3216.8  	   73.50   
  3175.1  	   79.19   
  3190.0  	   76.73   
  3183.6  	   78.70   
  3182.9  	   81.46   
  3157.4  	   85.61   
  3171.3  	   83.33   
  3159.4  	   85.49   
  3174.3  	   80.99   
  3081.7  	   89.10   
  3073.0  	   89.17   
  3071.0  	   87.88   
  3081.0  	   85.20   
  3083.9  	   84.86   
  3076.5  	   86.02   
  3079.8  	   86.20   
  3076.9  	   90.16   
  3082.7  	   87.22   
  3084.1  	   85.77   
  3086.5  	   87.27   
  3084.9  	   88.44   
  3121.5  	   84.14   
  3121.1  	   82.84   
  3123.9  	   84.55   
  3113.5  	   86.56   
  3115.4  	   86.32   
  3114.4  	   87.65   
  3115.0  	   85.89   
  3118.0  	   83.61   
  3120.9  	   82.97   
  3124.5  	   85.40   
  3123.6  	   88.29   
  3124.3  	   85.25   
  3128.7  	   85.31   
  3132.3  	   84.21   
  3128.8  	   84.68   
  3132.1  	   86.38   
  3138.4  	   81.94   
  3136.5  	   83.20   
  3137.9  	   84.38   
  3143.4  	   82.25   
  3148.5  	   72.91   
  3130.8  	   74.22   
  3121.1  	   72.95   
  3111.3  	   75.55   
  3080.5  	   77.40   
  3079.1  	   76.37   
  3165.7  	   64.45   
  3367.9  	   63.16   
  3158.2  	   68.83   
  3159.4  	   67.06   
  3347.3  	   66.46   
  3356.8  	   64.57   
  3155.2  	   65.91   
  3358.0  	   64.86   
  3342.7  	   66.96   
  3359.9  	   65.01   
  3354.2  	   64.46   
  3359.0  	   65.30   
  3374.5  	   66.19   
  3365.4  	   66.14   
  3361.3  	   66.05   
  3366.1  	   67.00   
  3366.1  	   66.52   
  3360.9  	   63.75   
  3346.4  	   66.54   
  3374.9  	   67.35   
  3352.6  	   68.22   
  3362.5  	   67.88   
  3374.9  	   68.24   
  3356.7  	   67.13   
  3336.2  	   66.83   
  3356.6  	   65.81   
  3363.0  	   66.55   
  3360.1  	   68.85   
  3375.9  	   65.44   
  3348.1  	   66.58   
  3358.3  	   68.01   
  3366.9  	   65.17   
  3346.5  	   67.91   
  3364.8  	   67.21   
  3370.3  	   67.25   
  3350.2  	   67.14   
  3355.7  	   66.55   
  3348.8  	   68.22   
  3356.9  	   65.10   
  3366.1  	   65.92   
  3369.7  	   64.02   
  3381.9  	   65.78   
  3356.0  	   65.68   
  3378.1  	   66.17   
  3347.9  	   68.29   
  3362.4  	   66.89   
  3370.3  	   66.43   
  3354.1  	   69.50   
  3358.4  	   65.69   
  3367.2  	   67.36   
  3375.6  	   68.60   
  3359.0  	   66.27   
  3374.9  	   64.42   
  3356.8  	   66.04   
  3355.3  	   65.73   
  3371.6  	   67.36   
  3350.9  	   65.86   
  3360.5  	   67.06   
  3369.7  	   67.27   
  3367.1  	   65.66   
  3352.1  	   67.10   
  3350.8  	   68.27   
  3357.7  	   66.23   
  3357.2  	   65.70   
  3347.3  	   67.52   
  3362.6  	   66.56   
  3341.9  	   66.30   
  3361.8  	   65.92   
  3343.8  	   66.95   
  3368.5  	   65.15   
  3370.2  	   64.37   
  3345.6  	   67.10   
  3347.9  	   67.54   
  3334.8  	   64.97   
  3362.9  	   65.72   
  3355.3  	   66.93   
  3375.0  	   65.45   
  3339.3  	   66.20   
  3348.7  	   65.41   
  3363.8  	   67.41   
  3366.0  	   66.52   
  3355.8  	   66.79   
  3323.2  	   68.46   
  3349.7  	   68.84   
  3358.2  	   67.58   
  3330.6  	   69.15   
  3369.1  	   69.17   
  3378.7  	   65.89   
  3334.2  	   67.09   
  3338.4  	   65.50   
  3337.2  	   67.60   
  3352.6  	   67.06   
  3339.3  	   67.25   
  3335.0  	   69.18   
  3350.6  	   64.94   
  3334.1  	   66.85   
  3352.1  	   68.20   
  3347.6  	   65.34   
  3345.1  	   65.99   
  3355.6  	   65.66   
  3349.1  	   66.26   
  3339.7  	   67.00   
  3324.6  	   67.89   
  3355.8  	   67.56   
  3326.2  	   63.61   
  3358.4  	   68.35   
  3335.9  	   65.77   
  3102.4  	   61.80   
  3113.5  	   57.23   
  3089.2  	   58.37   
  3038.6  	   55.25   
  2839.8  	   42.85   
  2750.9  	   39.31   
  2689.2  	   36.01   
  2614.3  	   36.09   
  2492.6  	   33.68   
  2432.6  	   33.28   
  2182.5  	   29.15   
  2121.7  	   26.85   
  2070.9  	   24.75   
  1986.4  	   22.18   
  1941.7  	   20.45   
  1907.6  	   19.32   
  1873.0  	   18.05   
  1834.4  	   16.47   
  1801.1  	   15.68   
  1746.2  	   13.93   
  1710.6  	   12.69   
  1681.1  	   11.85   
  1652.5  	   10.99   
  1632.3  	   10.58   
  1606.1  	    9.80   
  1584.0  	    9.33   
  1535.1  	    7.84   
  1520.4  	    7.45   
  1500.2  	    7.04   
  1486.7  	    6.82   
  1466.9  	    6.31   
  1449.3  	    5.85   
  1433.4  	    5.59   
  1416.8  	    5.19   
  1398.6  	    4.84   
  1384.5  	    4.64   
  1355.7  	    4.08   
  1340.3  	    3.75   
  1324.6  	    3.51   
  1310.7  	    3.21   
  1293.0  	    2.95   
  1280.0  	    2.82   
  1265.9  	    2.55   
  1254.2  	    2.43   
  1241.9  	    2.22   
  1231.4  	    2.17   
  1204.7  	    1.76   
  1195.3  	    1.69   
  1180.3  	    1.52   
  1167.4  	    1.36   
  1155.9  	    1.28   
  1149.0  	    1.26   
  1135.8  	    1.10   
  1128.0  	    1.08   
  1116.3  	    1.04   
  1107.8  	    1.00   
  1087.8  	    0.86   
  1078.3  	    0.82   
  1068.2  	    0.78   
  1058.7  	    0.74   
  1046.9  	    0.72   
  1040.9  	    0.72   
  1031.1  	    0.71   
  1022.1  	    0.69   
  1013.4  	    0.67   
  1005.2  	    0.69   
   997.6  	    0.67   
   983.4  	    0.66   
   977.2  	    0.65   
   964.9  	    0.66   
   958.1  	    0.66   
   949.0  	    0.64   
   941.9  	    0.65   
   935.0  	    0.64   
   925.6  	    0.64   
   917.9  	    0.64   
   912.0  	    0.64   
   902.5  	    0.63   
   896.4  	    0.62   
  1054.9  	   70.34   
   881.4  	    0.60   
   870.8  	    0.59   
   865.7  	    0.59   
   860.3  	    0.59   
   855.5  	    0.58   
   850.7  	    0.58   
   840.3  	    0.58   
   835.3  	    0.57   
   829.1  	    0.58   
   819.4  	    0.59   
   816.1  	    0.56   
   951.9  	   60.67   
   792.9  	    0.63   
   784.8  	    0.64   
   777.0  	    0.62   
   769.8  	    0.68   
   762.7  	    0.71   
   754.6  	    0.72   
   747.3  	    0.78   
   739.1  	    0.78   
   859.1  	   53.09   
   710.9  	    0.99   
   699.2  	    1.07   
   687.2  	    1.14   
   675.7  	    1.19   
   734.3  	   44.78   
   627.1  	    1.68   
   667.5  	   40.27   
   586.6  	   33.87   
  1313.2  	   80.89   
  1313.6  	   81.27   
  1316.1  	   81.81   
  1319.0  	   81.00   
  1320.7  	   81.66   
  1319.5  	   81.52   
  1322.8  	   81.16   
  1322.3  	   81.03   
  1323.5  	   81.25   
  1322.6  	   81.04   
  1325.2  	   80.58   
  1326.5  	   81.83   
  1325.9  	   81.48   
  1327.6  	   82.76   
  1331.6  	   83.08   
  1335.8  	   84.03   
  1338.3  	   83.12   
  1341.2  	   83.88   
  1343.2  	   83.66   
  1345.4  	   84.83   
  1344.8  	   85.57   
  1349.2  	   84.98   
  1353.2  	   86.32   
  1357.4  	   86.21   
  1359.9  	   86.96   
  1361.6  	   87.26   
  1363.4  	   87.19   
  1365.0  	   86.51   
  1365.9  	   86.42   
  1369.7  	   86.28   
  1372.9  	   88.11   
  1374.0  	   87.57   
  1379.5  	   89.20   
  1383.8  	   90.00   
  1357.9  	   83.09   
  1358.5  	   83.07   
  1353.1  	   82.39   
  1349.8  	   82.15   
  1344.2  	   81.34   
  1338.8  	   80.59   
  1349.1  	   81.73   
  1357.5  	   84.15   
  1350.4  	   82.72   
  1348.1  	   82.34   
  1347.7  	   81.38   
  1348.1  	   81.55   
  1347.0  	   82.53   
  1350.2  	   82.98   
  1354.5  	   83.02   
  1364.8  	   85.57   
  1375.9  	   87.04   
  1383.4  	   89.59   
  1392.4  	   91.23   
  1394.7  	   92.84   
  1389.5  	   91.45   
  1392.0  	   90.36   
  1389.1  	   89.87   
  1382.1  	   88.07   
  1383.6  	   88.94   
  1385.7  	   88.74   
  1386.0  	   90.00   
  1387.6  	   89.18   
  1385.0  	   89.23   
  1386.0  	   89.69   
  1387.8  	   88.63   
  1389.3  	   89.48   
  1390.4  	   89.17   
  1390.2  	   89.69   
  1392.3  	   90.16   
  1394.3  	   90.48   
  1395.6  	   91.76   
  1400.0  	   92.28   
  1399.1  	   91.88   
  1401.5  	   92.36   
  1405.6  	   92.88   
  1406.6  	   93.37   
  1407.1  	   93.29   
  1407.4  	   93.45   
  1409.4  	   94.38   
  1411.9  	   93.64   
  1414.8  	   95.17   
  1418.5  	   96.47   
  1422.1  	   96.91   
  1420.4  	   97.50   
  1421.2  	   96.31   
  1416.3  	   94.78   
  1422.3  	   95.80   
  1432.3  	  100.41   
  1440.1  	  101.32   
  1444.8  	  100.96   
  1458.1  	  105.09   
  1460.4  	  106.92   
  1466.0  	  108.55   
  1471.2  	  110.02   
  1473.1  	  109.76   
  1474.9  	  111.05   
  1478.6  	  111.48   
  1481.7  	  112.78   
  1485.1  	  113.15   
  1486.8  	  113.70   
  1479.8  	  111.84   
  1480.7  	  112.90   
  1488.3  	  113.55   
  1479.7  	  110.79   
  1488.7  	  113.63   
  1490.9  	  114.72   
  1493.7  	  114.54   
  1498.3  	  116.08   
  1501.5  	  116.36   
  1503.7  	  116.95   
  1505.6  	  116.95   
  1505.5  	  117.53   
  1508.6  	  118.13   
  1509.8  	  118.40   
  1510.6  	  118.05   
  1513.2  	  119.06   
  1513.4  	  118.66   
  1515.8  	  119.28   
  1516.4  	  119.30   
  1516.7  	  118.86   
  1518.8  	  119.70   
  1519.9  	  119.60   
  1521.4  	  119.64   
  1521.1  	  119.25   
  1521.9  	  119.76   
  1523.1  	  120.02   
  1524.6  	  120.13   
  1526.6  	  120.43   
  1526.1  	  120.58   
  1527.8  	  120.54   
  1528.0  	  120.34   
  1528.8  	  120.71   
  1530.8  	  120.07   
  1530.1  	  120.69   
  1532.1  	  120.50   
  1533.7  	  119.43   
  1533.9  	  120.37   
  1535.1  	  119.53   
  1535.5  	  119.84   
  1536.2  	  119.58   
  1537.0  	  119.56   
  1538.2  	  118.99   
  1538.6  	  119.24   
  1539.8  	  119.24   
  1539.8  	  119.09   
  1540.8  	  119.08   
  1541.7  	  119.04   
  1543.1  	  118.98   
  1543.9  	  118.73   
  1545.3  	  117.77   
  1545.8  	  118.21   
  1547.5  	  117.83   
  1548.6  	  117.56   
  1550.1  	  117.54   
  1549.7  	  117.83   
  1551.8  	  117.10   
  1552.9  	  117.02   
  1553.7  	  116.79   
  1554.0  	  116.64   
  1555.4  	  116.33   
  1554.4  	  117.14   
  1558.3  	  115.77   
  1561.7  	  115.28   
  1556.9  	  117.78   
  1556.3  	  117.65   
  1562.0  	  115.94   
  1563.0  	  115.37   
  1561.7  	  115.58   
  1555.2  	  118.01   
  1546.5  	  120.04   
  1509.9  	  142.96   
  1410.2  	  130.63   
  1148.3  	    2.82   
  1125.2  	    2.16   
  1105.5  	    1.84   
  1089.8  	    1.57   
  1075.9  	    1.47   
  1081.4  	   50.79   
  1040.8  	    1.16   
  1032.4  	    1.16   
  1024.2  	    1.05   
  1010.4  	    0.97   
  1004.0  	    0.96   
   997.4  	    0.96   
   991.5  	    0.89   
   985.0  	    0.88   
   973.4  	    0.91   
   967.4  	    0.88   
   978.4  	   42.36   
   943.5  	    1.05   
   934.5  	    0.92   
   926.1  	    0.96   
   917.9  	    0.88   
   909.3  	    0.93   
   901.4  	    0.92   
   893.0  	    0.97   
   885.0  	    0.92   
   877.2  	    0.91   
   879.3  	   35.87   
   844.2  	    1.13   
   830.3  	    1.15   
   765.6  	    1.62   
   753.9  	    1.64   
   754.3  	   29.01   
   706.8  	    1.81   
   687.9  	    1.82   
   664.2  	   25.05   
   572.1  	   22.76   
  1679.6  	  117.51   
  1683.3  	  119.37   
  1682.8  	  119.46   
  1687.3  	  118.87   
  1706.9  	  122.87   
  1716.8  	  124.58   
  1723.7  	  127.01   
  1727.8  	  127.60   
  1734.8  	  131.76   
  1740.3  	  133.91   
  1742.5  	  137.56   
  1746.4  	  139.24   
  1741.9  	  136.41   
  1750.8  	  138.52   
  1756.4  	  141.89   
  1754.9  	  139.72   
  1762.6  	  144.50   
  1763.4  	  141.97   
  1772.3  	  145.75   
  1775.4  	  146.21   
  1779.4  	  148.47   
  1785.8  	  152.01   
  1790.2  	  155.60   
  1792.2  	  156.06   
  1800.3  	  162.07   
  1803.8  	  162.48   
  1805.6  	  164.06   
  1811.6  	  165.51   
  1808.9  	  164.46   
  1813.6  	  171.15   
  1813.8  	  169.90   
  1816.6  	  173.02   
  1817.2  	  173.72   
  1816.8  	  171.55   
  1817.1  	  173.49   
  1824.2  	  180.54   
  1826.5  	  183.01   
  1827.9  	  184.39   
  1829.5  	  186.74   
  1830.6  	  184.36   
  1829.8  	  181.75   
  1819.9  	  179.95   
  1820.4  	  180.79   
  1817.8  	  181.81   
  1823.1  	  181.79   
  1829.7  	  182.63   
  1827.6  	  181.11   
  1827.7  	  182.20   
  1826.1  	  183.17   
  1825.5  	  182.90   
  1824.2  	  183.45   
  1822.8  	  184.57   
  1821.2  	  184.58   
  1819.9  	  182.70   
  1823.5  	  182.23   
  1832.9  	  184.19   
  1833.0  	  183.83   
  1861.3  	  194.95   
  1863.1  	  194.66   
  1863.8  	  194.00   
  1867.8  	  196.73   
  1867.8  	  199.99   
  1864.6  	  198.06   
  1867.6  	  197.60   
  1866.7  	  197.92   
  1865.7  	  198.11   
  1868.4  	  199.23   
  1876.3  	  200.88   
  1884.8  	  202.76   
  1889.8  	  205.07   
  1882.2  	  199.98   
  1868.8  	  195.69   
  1863.9  	  192.05   
  1864.6  	  192.54   
  1865.1  	  195.50   
  1867.7  	  197.05   
  1865.2  	  194.99   
  1860.9  	  192.85   
  1863.5  	  192.52   
  1864.6  	  195.27   
  1866.0  	  193.88   
  1866.7  	  194.85   
  1859.1  	  196.29   
  1857.0  	  196.33   
  1856.6  	  195.35   
  1860.2  	  193.84   
  1861.4  	  192.66   
  1866.3  	  193.81   
  1866.4  	  193.37   
  1870.5  	  193.78   
  1874.3  	  194.35   
  1876.5  	  195.91   
  1877.5  	  197.79   
  1869.3  	  197.85   
  1871.3  	  198.41   
  1871.2  	  194.81   
  1873.8  	  196.14   
  1873.5  	  196.58   
  1878.7  	  195.81   
  1878.9  	  195.80   
  1876.8  	  194.43   
  1882.2  	  199.31   
  1876.5  	  196.13   
  1876.2  	  194.19   
  1876.5  	  195.11   
  1880.1  	  198.68   
  1883.5  	  197.66   
  1882.5  	  197.98   
  1876.8  	  196.76   
  1878.3  	  196.14   
  1880.0  	  200.94   
  1878.8  	  200.28   
  1874.9  	  194.35   
  1876.1  	  195.12   
  1882.3  	  199.89   
  1874.9  	  196.95   
  1872.1  	  195.87   
  1877.5  	  199.79   
  1877.2  	  197.66   
  1881.2  	  198.13   
  1877.1  	  198.80   
  1874.1  	  197.20   
  1890.8  	  203.57   
  1880.5  	  199.33   
  1881.9  	  199.34   
  1875.7  	  197.53   
  1877.1  	  198.32   
  1882.2  	  201.21   
  1877.4  	  197.11   
  1882.7  	  199.03   
  1880.7  	  199.15   
  1881.1  	  200.60   
  1877.7  	  198.03   
  1880.3  	  200.49   
  1877.1  	  196.13   
  1886.3  	  203.57   
  1881.9  	  200.92   
  1880.0  	  199.09   
  1879.0  	  198.87   
  1877.2  	  197.51   
  1879.7  	  198.35   
  1881.5  	  199.60   
  1892.4  	  205.45   
  1879.1  	  198.36   
  1881.5  	  199.98   
  1879.8  	  199.00   
  1881.0  	  199.58   
  1881.5  	  199.48   
  1885.1  	  202.17   
  1884.1  	  201.21   
  1880.8  	  199.29   
  1885.0  	  201.74   
  1879.1  	  200.25   
  1878.2  	  198.10   
  1880.7  	  201.44   
  1882.4  	  200.95   
  1880.9  	  200.58   
  1882.1  	  201.07   
  1880.2  	  200.25   
  1885.8  	  202.03   
  1879.1  	  199.71   
  1879.3  	  201.55   
  1887.0  	  204.44   
  1877.7  	  200.32   
  1879.0  	  200.47   
  1883.0  	  200.57   
  1881.6  	  200.63   
  1882.8  	  201.43   
  1884.9  	  202.56   
  1882.0  	  199.46   
  1884.6  	  201.17   
  1880.1  	  199.52   
  1884.4  	  201.86   
  1884.0  	  200.54   
  1888.7  	  204.22   
  1885.0  	  202.62   
  1880.9  	  200.09   
  1892.0  	  205.83   
  1882.9  	  200.95   
  1886.8  	  204.21   
  1885.8  	  204.62   
  1886.0  	  204.10   
  1894.8  	  208.37   
  1875.1  	  205.06   
  1866.9  	  200.37   
  1877.6  	  204.99   
  1874.1  	  204.13   
  1870.9  	  202.82   
  1868.8  	  208.02   
  1862.2  	  206.70   
  1851.3  	  202.92   
  1852.6  	  203.31   
  1848.6  	  200.57   
  1866.1  	  208.16   
  1841.6  	  206.77   
  1817.5  	  196.93   
  1839.3  	  206.66   
  1808.7  	  192.24   
  1834.3  	  208.86   
  1835.6  	  213.22   
  1792.7  	  190.93   
  1795.8  	  183.68   
  1798.0  	  187.80   
  1786.5  	  187.94   
  1797.8  	  188.35   
  1780.0  	  189.58   
  1775.0  	  180.56   
  1770.4  	  178.87   
  1758.7  	  166.73   
  1773.3  	  183.54   
  1770.0  	  177.71   
  1766.0  	  183.05   
  1740.6  	  161.83   
  1742.2  	  165.39   
  1736.4  	  160.79   
  1733.1  	  160.15   
  1729.1  	  153.90   
  1721.7  	  155.45   
  1712.4  	  152.58   
  1702.6  	  147.22   
  1701.8  	  145.77   
  1701.1  	  145.39   
  1700.0  	  144.07   
  1682.5  	  142.78   
  1668.3  	  135.02   
  1664.8  	  133.09   
  1661.4  	  131.29   
  1656.7  	  129.13   
  1658.7  	  134.23   
  1629.9  	  126.97   
  1618.3  	  124.25   
  1616.1  	  123.31   
  1614.9  	  122.80   
  1609.9  	  121.99   
  1606.2  	  120.67   
  1605.9  	  122.04   
  1606.0  	  123.43   
  1608.1  	  122.15   
  1611.7  	  119.65   
  1610.4  	  120.58   
  1612.0  	  120.32   
  1615.0  	  120.88   
  1616.3  	  120.17   
  1619.6  	  120.33   
  1618.8  	  121.33   
  1621.7  	  121.30   
  1620.6  	  121.38   
  1620.6  	  120.86   
  1622.4  	  119.44   
  1622.3  	  121.62   
  1624.1  	  120.45   
  1627.6  	  122.45   
  1628.2  	  121.30   
  1627.6  	  124.59   
  1619.5  	  130.38   
  1557.6  	  135.77   
  1302.3  	    3.55   
  1269.8  	    3.12   
  1248.2  	    2.88   
  1221.2  	    2.59   
  1190.4  	    2.36   
  1174.8  	    2.25   
  1174.7  	    1.93   
  1155.4  	    2.21   
  1152.1  	    1.81   
  1143.9  	    1.73   
  1132.1  	    1.73   
  1124.5  	    1.62   
  1114.5  	    1.69   
  1106.9  	    1.60   
  1097.1  	    1.55   
  1090.4  	    1.53   
  1109.4  	   53.62   
  1071.5  	    1.36   
  1061.2  	    1.36   
  1056.1  	    1.40   
  1046.9  	    1.41   
  1041.5  	    1.32   
  1036.8  	    1.26   
  1027.1  	    1.30   
  1022.6  	    1.29   
  1017.8  	    1.23   
  1009.0  	    1.22   
  1004.9  	    1.22   
  1000.4  	    1.26   
   991.6  	    1.22   
   987.6  	    1.29   
   982.8  	    1.26   
   995.9  	   43.74   
   962.0  	    1.15   
   954.6  	    1.17   
   947.5  	    1.19   
   940.5  	    1.32   
   933.6  	    1.18   
   926.7  	    1.16   
   919.8  	    1.22   
   913.2  	    1.19   
   906.3  	    1.20   
   899.9  	    1.17   
   893.3  	    1.21   
   901.5  	   37.59   
   867.2  	    1.28   
   856.4  	    1.23   
   845.4  	    1.23   
   835.3  	    1.31   
   772.7  	    1.45   
   763.5  	    1.55   
   771.6  	   30.69   
   725.5  	    1.79   
   709.9  	    1.63   
   695.0  	    1.84   
   682.3  	   26.63   
   634.5  	    1.90   
   582.8  	   22.18   
  1437.9  	   93.33   
  1445.9  	   94.03   
  1477.0  	   96.94   
  1493.4  	  100.15   
  1504.2  	  101.90   
  1512.6  	  103.58   
  1518.1  	  103.52   
  1529.5  	  102.41   
  1559.5  	  105.07   
  1567.2  	  106.28   
  1573.5  	  106.56   
  1578.8  	  107.05   
  1580.4  	  106.88   
  1605.1  	  105.80   
  1625.8  	  107.04   
  1629.3  	  108.00   
  1636.9  	  107.86   
  1638.8  	  108.38   
  1646.0  	  108.41   
  1679.7  	  103.23   
  1694.8  	  100.23   
  1698.7  	  100.90   
  1706.7  	   98.90   
  1712.9  	   97.89   
  1719.1  	   98.59   
  1793.8  	  149.22   
  1811.9  	  158.39   
  1818.6  	  161.58   
  1824.1  	  164.62   
  1828.5  	  168.36   
  1833.1  	  172.29   
  1837.6  	  173.94   
  1825.1  	  173.20   
  1827.8  	  175.06   
  1827.9  	  174.71   
  1832.9  	  179.68   
  1835.6  	  180.45   
  1859.9  	  193.35   
  1863.3  	  194.93   
  1865.4  	  195.32   
  1869.8  	  203.02   
  1866.6  	  197.98   
  1870.3  	  200.97   
  1869.7  	  199.53   
  1876.1  	  207.56   
  1872.3  	  204.75   
  1878.1  	  210.42   
  1879.6  	  213.58   
  1881.3  	  212.81   
  1876.2  	  210.10   
  1881.6  	  211.50   
  1882.9  	  213.02   
  1879.4  	  209.00   
  1883.1  	  214.27   
  1883.8  	  213.50   
  1885.3  	  212.51   
  1885.9  	  215.20   
  1887.1  	  219.04   
  1886.3  	  215.85   
  1889.2  	  216.25   
  1893.0  	  222.45   
  1897.2  	  225.05   
  1892.7  	  220.22   
  1892.3  	  218.01   
  1893.0  	  217.82   
  1894.5  	  222.21   
  1896.3  	  224.81   
  1895.5  	  223.26   
  1897.0  	  227.55   
  1901.5  	  232.30   
  1898.0  	  231.34   
  1897.0  	  228.25   
  1900.4  	  231.60   
  1897.2  	  228.49   
  1898.7  	  228.79   
  1903.7  	  233.34   
  1897.5  	  229.10   
  1899.1  	  229.10   
  1901.3  	  232.03   
  1907.5  	  239.66   
  1901.0  	  234.24   
  1903.5  	  234.91   
  1889.0  	  231.18   
  1886.9  	  229.36   
  1887.3  	  229.42   
  1908.5  	  237.49   
  1888.2  	  229.73   
  1889.6  	  232.90   
  1884.6  	  228.04   
  1888.7  	  232.39   
  1906.5  	  234.99   
  1890.9  	  232.77   
  1893.5  	  236.31   
  1907.6  	  237.39   
  1888.8  	  230.41   
  1890.3  	  231.67   
  1890.4  	  232.94   
  1897.8  	  240.19   
  1886.0  	  227.20   
  1894.3  	  236.58   
  1893.2  	  233.58   
  1904.1  	  248.36   
  1894.7  	  235.78   
  1895.9  	  238.04   
  1895.9  	  235.08   
  1891.4  	  231.90   
  1891.2  	  231.09   
  1894.7  	  237.67   
  1893.8  	  234.47   
  1889.9  	  230.84   
  1902.6  	  245.31   
  1896.5  	  235.68   
  1897.4  	  237.40   
  1896.4  	  237.92   
  1896.4  	  236.46   
  1901.6  	  244.97   
  1901.5  	  244.00   
  1901.5  	  243.72   
  1895.1  	  237.43   
  1899.2  	  244.35   
  1903.2  	  247.68   
  1897.0  	  239.45   
  1901.9  	  243.94   
  1901.1  	  241.76   
  1905.7  	  249.47   
  1908.4  	  248.32   
  1899.4  	  241.71   
  1917.5  	  261.72   
  1900.8  	  242.49   
  1900.6  	  242.84   
  1905.3  	  243.96   
  1922.2  	  265.51   
  1898.7  	  240.21   
  1899.3  	  239.09   
  1900.2  	  239.91   
  1898.5  	  236.04   
  1910.9  	  250.52   
  1899.0  	  238.74   
  1902.4  	  243.35   
  1910.0  	  252.17   
  1910.7  	  254.35   
  1903.1  	  243.01   
  1900.7  	  240.27   
  1905.6  	  246.63   
  1907.8  	  247.21   
  1905.2  	  244.80   
  1902.2  	  244.28   
  1903.8  	  245.45   
  1903.9  	  246.01   
  1909.0  	  251.55   
  1901.6  	  240.92   
  1952.7  	  286.48   
  1906.9  	  247.60   
  1919.9  	  264.02   
  1902.0  	  241.89   
  1901.6  	  242.53   
  1903.0  	  243.64   
  1903.7  	  243.03   
  1914.9  	  260.11   
  1900.6  	  239.99   
  1902.4  	  242.81   
  1909.4  	  249.06   
  1897.4  	  235.21   
  1899.0  	  239.46   
  1915.3  	  258.21   
  1907.0  	  249.37   
  1909.4  	  250.50   
  1918.0  	  262.03   
  1907.1  	  246.46   
  1899.3  	  239.11   
  1900.3  	  238.47   
  1906.7  	  248.49   
  1913.6  	  257.73   
  1965.8  	  303.01   
  1896.3  	  239.97   
  1902.1  	  245.47   
  1895.2  	  235.44   
  1903.1  	  242.42   
  1899.7  	  239.43   
  1914.1  	  257.67   
  1899.6  	  241.43   
  1899.3  	  238.25   
  1900.0  	  240.86   
  1900.5  	  242.07   
  1896.1  	  238.70   
  1915.1  	  257.94   
  1902.3  	  242.17   
  1908.3  	  250.57   
  1907.6  	  249.80   
  1910.4  	  252.72   
  1910.5  	  252.25   
  1909.1  	  250.98   
  1897.0  	  238.83   
  1897.5  	  239.04   
  1922.7  	  267.90   
  1896.9  	  237.65   
  1895.2  	  236.64   
  1907.4  	  251.41   
  1898.8  	  240.29   
  1903.8  	  245.92   
  1904.4  	  245.87   
  1917.6  	  258.98   
  1901.2  	  241.41   
  1910.0  	  251.86   
  1903.4  	  244.83   
  1902.3  	  245.67   
  1902.5  	  245.47   
  1903.5  	  246.78   
  1909.6  	  254.59   
  1899.7  	  240.88   
  1902.5  	  245.50   
  1914.5  	  258.32   
  1912.4  	  257.02   
  1908.8  	  253.23   
  1899.3  	  247.13   
  1900.0  	  248.81   
  1886.5  	  235.78   
  1890.6  	  239.76   
  1898.2  	  247.31   
  1893.4  	  247.72   
  1881.5  	  238.89   
  1880.5  	  235.99   
  1897.5  	  243.58   
  1896.8  	  242.83   
  1896.0  	  242.74   
  1882.2  	  245.99   
  1884.8  	  241.37   
  1881.4  	  238.27   
  1875.4  	  231.95   
  1868.6  	  225.96   
  1864.9  	  222.44   
  1865.2  	  232.80   
  1843.6  	  217.01   
  1835.7  	  208.25   
  1842.1  	  215.87   
  1848.0  	  220.98   
  1849.5  	  224.54   
  1814.0  	  202.10   
  1809.9  	  204.53   
  1807.0  	  205.75   
  1779.6  	  190.32   
  1774.1  	  181.51   
  1785.0  	  183.60   
  1758.1  	  182.27   
  1758.4  	  176.79   
  1750.5  	  169.96   
  1744.6  	  163.17   
  1740.4  	  160.20   
  1748.6  	  167.94   
  1733.5  	  168.79   
  1718.2  	  158.43   
  1712.9  	  154.97   
  1707.2  	  146.28   
  1703.2  	  145.96   
  1704.9  	  147.92   
  1686.0  	  146.83   
  1667.6  	  135.90   
  1662.5  	  132.88   
  1656.1  	  127.99   
  1655.4  	  128.82   
  1615.5  	  119.34   
  1603.4  	  117.54   
  1597.5  	  114.80   
  1593.4  	  115.29   
  1589.5  	  115.17   
  1587.9  	  113.03   
  1584.2  	  113.99   
  1582.6  	  114.53   
  1584.5  	  113.55   
  1583.1  	  113.18   
  1583.3  	  113.46   
  1583.1  	  112.53   
  1583.6  	  112.81   
  1581.2  	  111.92   
  1582.2  	  113.19   
  1583.8  	  111.00   
  1584.8  	  112.40   
  1587.8  	  112.12   
  1589.7  	  111.84   
  1590.1  	  111.41   
  1590.5  	  110.59   
  1592.8  	  109.56   
  1591.7  	  111.56   
  1591.0  	  111.11   
  1583.5  	  112.08   
  1575.2  	  137.67   
  1281.0  	    3.35   
  1240.4  	    3.00   
  1213.3  	    2.76   
  1188.9  	    2.62   
  1156.6  	    2.29   
  1134.3  	    2.06   
  1142.5  	    1.96   
  1132.2  	    1.87   
  1118.2  	    1.82   
  1109.5  	    1.81   
  1100.8  	    1.73   
  1092.6  	    1.70   
  1080.8  	    1.67   
  1073.1  	    1.63   
  1090.4  	   52.05   
  1052.5  	    1.45   
  1040.7  	    1.41   
  1034.7  	    1.37   
  1029.3  	    1.45   
  1023.5  	    1.43   
  1018.1  	    1.41   
  1007.3  	    1.38   
  1002.0  	    1.36   
   996.6  	    1.38   
   986.1  	    1.24   
   981.5  	    1.28   
   976.5  	    1.33   
   971.4  	    1.27   
   980.4  	   42.84   
   945.5  	    1.28   
   937.4  	    1.22   
   929.3  	    1.27   
   921.6  	    1.30   
   913.5  	    1.27   
   906.3  	    1.30   
   898.4  	    1.19   
   890.8  	    1.29   
   883.4  	    1.32   
   887.7  	   36.43   
   853.3  	    1.30   
   841.1  	    1.36   
   829.0  	    1.39   
   765.7  	    1.68   
   755.8  	    1.45   
   760.2  	   30.11   
   714.0  	    1.70   
   697.3  	    1.77   
   681.1  	   26.55   
   631.8  	    1.91   
   575.5  	   22.20   
