Trigger Time:	2021-06-10	14:38:16.589
Number of processed measurements:	3
TsLaserEnergy:	4.536909103393555

Measurement time:	2021-06-10	14:38:16.589
Rad. Pos [mm]	ne [m-3]	Te [eV]	dne [m-3]	dTe [eV]
-18.069231033325195	1.142031171787214e+19	0.9032676265113632	9.978345648753213e+17	0.09761898847840846
-16.396154403686523	1.9437443632754328e+19	1.0318797380389235	1.054646399401984e+18	0.07090363660691582
-14.723076820373535	2.1728808272853467e+19	0.8584654791739422	1.1796188838798295e+18	0.052682536636270795
-13.050000190734863	2.330482624987503e+19	1.115290908361256	1.2018431749731123e+18	0.06538775790969084
-11.376922607421875	2.1742811652944822e+19	1.401775693579039	1.159859560417067e+18	0.09646181663014769
-9.703845977783203	3.0700913315459105e+19	1.6081280830623246	1.4212824686940652e+18	0.08799608962448244
-8.030769348144531	4.151696093049625e+19	1.6366495494080786	1.5996727327425823e+18	0.07428770673323383
-6.357692241668701	7.665797707682179e+19	1.8551014561769643	2.3055635958212854e+18	0.06676805625818492
-4.684615612030029	1.2949391763406271e+20	2.1875545158948793	3.2121127196289925e+18	0.061880002587345204
-3.011538505554199	1.504251885506391e+20	2.287645564469228	3.271370074174259e+18	0.06038298260659349
-1.3384615182876587	1.6114625375419918e+20	2.89861648736324	3.182689788469707e+18	0.07623894167476555
0.3346153795719147	1.6175596373812655e+20	3.5291290358863625	3.483477686922248e+18	0.10131587943685016
2.007692337036133	1.717851106723737e+20	4.664062660047954	3.6406809116593357e+18	0.1439233898148239
3.680769205093384	1.7191610208966043e+20	4.3293717398596305	3.660632924534866e+18	0.1390125696773502
5.353846073150635	1.773068228826927e+20	3.3031227162900523	3.6673341730282537e+18	0.08879979884193297
7.026923179626465	1.726697865241753e+20	2.626574849426186	3.3278706781907845e+18	0.06271878174398493
8.699999809265137	1.2644132151163565e+20	2.029353964745873	2.9920737797540413e+18	0.05701515407252975
10.373077392578125	7.022600557814612e+19	1.862894516032706	2.098536139110482e+18	0.06777707715269757
12.046154022216797	5.133446946858258e+19	1.7216525873827875	1.7247009487160607e+18	0.06812585034519783
13.719230651855469	4.635952240052404e+19	1.5497813856725042	1.5853355134332436e+18	0.0644686632977807
15.39230728149414	4.078746135374594e+19	1.5560986742496858	1.60100190486161e+18	0.0690419245554438
17.065383911132812	3.8761866266266305e+19	1.555132629788201	1.908713428034257e+18	0.08804879286019857
18.738462448120117	4.06006147457682e+19	1.4934219613055075	1.6121814642149294e+18	0.07123671782950138
20.41153907775879	3.203931803362525e+19	1.2101775477054857	1.4949493354381967e+18	0.06945735836564089
22.08461570739746	2.799840609336243e+19	1.3449601129246502	1.4326999348758446e+18	0.08311858466863681
23.757692337036133	2.6058874179035333e+19	1.068669137941797	1.473114683778007e+18	0.07080461886488008
25.430768966674805	1.968087770616719e+19	1.1726972170553134	1.6951287588533043e+18	0.13188152740840253

Measurement time:	2021-06-10	14:38:19.589
Rad. Pos [mm]	ne [m-3]	Te [eV]	dne [m-3]	dTe [eV]
-23.08846092224121	2.062625264713597e+18	0.08419491665132153	4.305742509952205e+17	0.018625024487355504
-19.742307662963867	5.18683010555655e+18	0.7971511035252902	6.072450162968494e+17	0.1343591543214338
-18.069231033325195	1.2571459710223385e+19	1.2950865952177233	9.925827475852493e+17	0.14248873432118825
-16.396154403686523	1.879716062850502e+19	1.2474369805992234	1.2572508644316283e+18	0.1025265814755398
-14.723076820373535	2.066101095846904e+19	1.0722558623968015	1.3888452264072315e+18	0.08365989207940618
-13.050000190734863	2.7060223607706747e+19	1.2776559227650572	1.3017988149815542e+18	0.07356369779742597
-11.376922607421875	2.6625140259526017e+19	1.4506709036911805	1.3597441772769772e+18	0.09071400739044291
-9.703845977783203	3.411068139212269e+19	1.6801431720151823	1.4340296567506862e+18	0.08346411055116758
-8.030769348144531	4.968337683761647e+19	1.7009987278346834	1.7521411855325594e+18	0.07228197345917056
-6.357692241668701	7.180702853209732e+19	2.332593336514598	2.0720982445816545e+18	0.0837727008039987
-4.684615612030029	1.0518653908979548e+20	2.1491576773874774	2.371887374159315e+18	0.06101391375555827
-3.011538505554199	1.330210629750379e+20	2.5594613025823176	3.195087881584509e+18	0.07752106436315698
-1.3384615182876587	1.5188713439530215e+20	2.951783624503577	3.20401234258926e+18	0.08173120678101668
0.3346153795719147	1.5733502979297876e+20	3.729690644739322	3.2572754346177987e+18	0.11971790096293859
2.007692337036133	1.7122981331988172e+20	4.169840961461505	3.4898416602238157e+18	0.13718996149049534
3.680769205093384	1.6506285490982565e+20	3.8781826668823802	3.637524213775991e+18	0.12146002225269234
5.353846073150635	1.7862328134876843e+20	3.1431975813420903	2.9959940884628767e+18	0.07229043966016246
7.026923179626465	1.7257700533497705e+20	2.2782192488862196	3.503800235216339e+18	0.054103017924434005
8.699999809265137	1.492476907621282e+20	1.9791433722301868	2.777062081919189e+18	0.04551677739660885
10.373077392578125	9.605697738502255e+19	1.8015615843270854	2.1973458131248742e+18	0.04987781887991448
12.046154022216797	7.269542073320079e+19	1.6009409188058605	2.024778012901245e+18	0.05414464299244363
13.719230651855469	6.399002862419129e+19	1.720893402617248	2.0727892876397117e+18	0.06817468605490991
15.39230728149414	5.482882737281748e+19	1.589510226356214	1.7991317011635896e+18	0.06699471244316767
17.065383911132812	5.642559093523192e+19	1.6054865073350881	2.0561571126852977e+18	0.07211857930971158
18.738462448120117	4.062752199432313e+19	1.4492693566404946	1.5417166502087885e+18	0.06801906729671331
20.41153907775879	2.810312577981507e+19	1.2460282531612759	1.4795525992365425e+18	0.07337046268461375
22.08461570739746	2.234705486505889e+19	1.1932561986773522	1.1962466607877325e+18	0.08086979730272617
23.757692337036133	2.0737622729669214e+19	1.3503792076660452	1.371000427566334e+18	0.10819904707306409

Measurement time:	2021-06-10	14:38:22.589
Rad. Pos [mm]	ne [m-3]	Te [eV]	dne [m-3]	dTe [eV]
-19.742307662963867	7.318769407918866e+18	0.5814885755113209	7.348906884197253e+17	0.0741134512395601
-18.069231033325195	1.4365233766102729e+19	0.8890269016086089	9.056122024618885e+17	0.0710956817117268
-16.396154403686523	1.8314865350539215e+19	1.3854018289099865	1.0346129539465216e+18	0.09800930101800301
-14.723076820373535	1.6051251284413514e+19	1.1074817128038028	1.1279046601374433e+18	0.09482482952185979
-13.050000190734863	2.0541227962715865e+19	1.3905523448963888	1.1100620603198013e+18	0.08892792639833812
-11.376922607421875	2.733861555381312e+19	1.3756492494383656	1.28767751226812e+18	0.07887074521765293
-9.703845977783203	3.810422197341441e+19	1.5647519283636828	1.7063421281891779e+18	0.08587519282185807
-8.030769348144531	4.462814343049773e+19	1.603675436174957	1.4871887074914468e+18	0.06594903325132856
-6.357692241668701	6.781580132327044e+19	2.0061582481071114	1.9021246046048092e+18	0.06906924935781136
-4.684615612030029	1.1625782073703478e+20	2.060160407811033	2.8276566592271155e+18	0.05862737792109683
-3.011538505554199	1.2730699780250927e+20	2.3618257418777735	2.9684246590301143e+18	0.0745544197977161
-1.3384615182876587	1.480745558357563e+20	2.6907702546154773	3.220734265180291e+18	0.07267102539706886
0.3346153795719147	1.5312282713524797e+20	3.9088537314101783	3.6030341832800993e+18	0.12554286911126641
2.007692337036133	1.6546459007033593e+20	4.122248709262591	3.756731615192023e+18	0.1352720719850324
3.680769205093384	1.6143027959788628e+20	4.263951796267432	3.3851728261839585e+18	0.13031519450398513
5.353846073150635	1.7613064450813513e+20	3.2356403073050526	3.4538389766060114e+18	0.08121088082487941
7.026923179626465	1.7168476484317636e+20	2.410142003012496	3.5011561846294446e+18	0.06324477536534846
8.699999809265137	1.3670215753608777e+20	2.0275378915182114	3.1448217833753805e+18	0.05599121773874727
10.373077392578125	8.265078164113116e+19	1.9689820754342064	2.069405815483138e+18	0.06041353959171019
12.046154022216797	5.999999768401543e+19	1.832082748185981	1.69697126546355e+18	0.06738864038842701
13.719230651855469	5.339727642759266e+19	1.7374552482112429	1.9641484678445138e+18	0.07981908074650891
15.39230728149414	4.5016059928870126e+19	1.6694109940926387	1.780263669314093e+18	0.0748380198825211
17.065383911132812	4.16911367664755e+19	1.7347116948491876	1.572787062103343e+18	0.08292935826921861
18.738462448120117	3.0882926470321144e+19	1.392505894302635	1.2360753699922903e+18	0.06796030308804168
20.41153907775879	2.7923302852115562e+19	1.5451773859030802	1.2384885231373517e+18	0.08197349946943952
22.08461570739746	2.507093659319953e+19	1.240096607855006	1.3885130364566897e+18	0.08293442084563069
23.757692337036133	2.1673126804999635e+19	1.3181036089600269	1.3417013289041265e+18	0.10287559670356573
25.430768966674805	2.513188911979692e+19	0.8443280227621432	1.8762579063666115e+18	0.07498927191644196
