Trigger Time:	2021-06-10	13:48:06.726
Number of processed measurements:	3
TsLaserEnergy:	4.576688766479492

Measurement time:	2021-06-10	13:48:06.726
Rad. Pos [mm]	ne [m-3]	Te [eV]	dne [m-3]	dTe [eV]
-18.069231033325195	1.105247450084619e+19	0.33964978437764304	9.413714816930939e+17	0.03379936361235724
-16.396154403686523	1.5011332087351345e+19	0.49777385230053534	1.0698855618434826e+18	0.04071035272800703
-14.723076820373535	1.5972701074213569e+19	0.46962431387923803	1.0125320116817101e+18	0.03299328950612458
-13.050000190734863	2.012709470909078e+19	0.6235140912981776	9.408981419373363e+17	0.034380228704354414
-11.376922607421875	2.2016985872447046e+19	0.5842746867866409	1.226043975656276e+18	0.03787906400909751
-9.703845977783203	3.472100930158487e+19	0.6675616525450468	1.4106336985790546e+18	0.030933592394648952
-8.030769348144531	6.484458665348484e+19	0.8510970303087463	1.7986022863148155e+18	0.026809438139692707
-6.357692241668701	1.1180077883003083e+20	0.9566749435716799	2.464123480468095e+18	0.02367330819739665
-4.684615612030029	1.550898798256183e+20	1.1087876558218461	2.925211378157355e+18	0.02325811138031846
-3.011538505554199	1.7627776796002458e+20	1.300128759967131	3.0877546559926436e+18	0.026446425190431787
-1.3384615182876587	1.721600705257244e+20	1.5688737933659587	3.0054795752757e+18	0.03207302001343355
0.3346153795719147	1.74208434299992e+20	1.6375592802705892	3.4925230942060544e+18	0.03946123511322639
2.007692337036133	1.8289061791756242e+20	1.800242974783198	2.9801888836915036e+18	0.034961232462538176
3.680769205093384	1.7570111369367467e+20	1.6283012600564344	3.359194939832402e+18	0.036186015422174735
5.353846073150635	1.9194389110755374e+20	1.4331202622962873	3.594847769455493e+18	0.031293902613873145
7.026923179626465	1.9353834129750334e+20	1.251394826193599	3.4037314829491896e+18	0.02538506411349153
8.699999809265137	1.8307741174898203e+20	1.092291321176801	3.504443449518588e+18	0.0234300524092779
10.373077392578125	1.502925434678642e+20	0.9039413727363389	2.6487108669286646e+18	0.017914414486976903
12.046154022216797	1.14174932297655e+20	0.8525677995197757	2.236586283608572e+18	0.018595385220273663
13.719230651855469	7.042602873347113e+19	0.8058886666807311	2.0505358594882929e+18	0.02607004229958062
15.39230728149414	4.8177591265330725e+19	0.7965556154536166	1.4824300211664323e+18	0.02829824151858837
17.065383911132812	3.544654403940542e+19	0.6737375923752332	1.3441003258369802e+18	0.028594538383677835
18.738462448120117	2.49596858076779e+19	0.48071127554316945	1.3155002416921313e+18	0.02884199953905522
20.41153907775879	2.240406674198233e+19	0.5238132039912194	1.1415305641430876e+18	0.030577656463310687
22.08461570739746	2.0157461021226697e+19	0.5168788055020707	1.1108161878575022e+18	0.03290772238418766
23.757692337036133	1.9850103540798194e+19	0.4057413765535952	1.3308370545100718e+18	0.02986252720585109

Measurement time:	2021-06-10	13:48:09.726
Rad. Pos [mm]	ne [m-3]	Te [eV]	dne [m-3]	dTe [eV]
-19.742307662963867	4.734701578366222e+18	0.6312746780542242	5.821194576152494e+17	0.10607936044806811
-18.069231033325195	1.5096004378294747e+19	0.4208470960858642	9.425641769313239e+17	0.030341404578216206
-16.396154403686523	2.0644588652796576e+19	0.47557015860301427	1.3361945623553638e+18	0.03522592100069629
-14.723076820373535	2.1340295839178818e+19	0.5865039953351412	1.1216498820844093e+18	0.03578163961005701
-13.050000190734863	2.2402824293842944e+19	0.5921621808366506	1.1538380849875517e+18	0.03556159149916591
-11.376922607421875	1.6969665650513412e+19	0.6473021898860333	8.90007796001538e+17	0.040599699632315064
-9.703845977783203	2.1986201745892573e+19	0.6726867548012531	1.1758142987698176e+18	0.042358995359578294
-8.030769348144531	4.718744586014635e+19	0.8936406634775685	1.4980740100453827e+18	0.03312349957653192
-6.357692241668701	1.0074470562762693e+20	1.012667764795785	2.1940887848054948e+18	0.025453966081004253
-4.684615612030029	1.599244764334145e+20	1.1643242400800502	3.260730100152271e+18	0.026839596774673395
-3.011538505554199	1.7374889121613978e+20	1.198023733783625	3.3180135564477727e+18	0.026430148301330024
-1.3384615182876587	1.8133698159923587e+20	1.4523067411307213	3.443964537554862e+18	0.03493574057503695
0.3346153795719147	1.8032611699693768e+20	1.6323803654491742	3.464124358128042e+18	0.03847511430912751
2.007692337036133	1.8515043976808392e+20	1.6617110372357742	3.268194409715335e+18	0.034100349915756695
3.680769205093384	1.8274096119088257e+20	1.6568227264021884	3.410411290965836e+18	0.03733465047574862
5.353846073150635	1.9506277458699616e+20	1.3652597938201805	3.448510468379902e+18	0.02997422660095093
7.026923179626465	1.972820464486853e+20	1.2078628006164212	3.825877977317507e+18	0.027580328852583488
8.699999809265137	1.812856651925443e+20	1.0614584155608338	2.9423700817425203e+18	0.019402250984371552
10.373077392578125	1.472920993809658e+20	1.0277931295448879	2.6680534754845e+18	0.021185667064490512
12.046154022216797	9.799986720786088e+19	0.9420258240586002	2.2731509551071232e+18	0.02529318641946326
13.719230651855469	6.192008803374019e+19	0.8010978154854845	1.766477855086084e+18	0.025832512164366158
15.39230728149414	4.066739908203931e+19	0.6491287109805532	1.483817467401732e+18	0.02725921074009519
17.065383911132812	3.237148709344615e+19	0.623956854953149	1.4723714139176305e+18	0.03317571874119669
18.738462448120117	2.3638714945881768e+19	0.5347209786876415	1.0437215831489249e+18	0.026023962265176507
20.41153907775879	2.543495190780733e+19	0.505405111407362	1.1361384216815206e+18	0.026218349567939076
22.08461570739746	1.656262534639911e+19	0.3912118225901999	1.2150531199860736e+18	0.0335839494733015
23.757692337036133	1.8197978468413604e+19	0.4522479380628322	9.910520212409549e+17	0.028898835027131597
25.430768966674805	7.844484949821358e+18	0.42857589550953856	9.603254128885105e+17	0.0657292397819801

Measurement time:	2021-06-10	13:48:12.726
Rad. Pos [mm]	ne [m-3]	Te [eV]	dne [m-3]	dTe [eV]
-19.742307662963867	3.3215883436275794e+18	0.22071919472529034	6.524282784091996e+17	0.053039448273321944
-18.069231033325195	8.384128555268702e+18	0.3829584918431296	1.0050659841317274e+18	0.05526004354289801
-16.396154403686523	1.240237791161562e+19	0.41482948782872475	1.1819204365946716e+18	0.05069574264209173
-14.723076820373535	1.6598516704464601e+19	0.6701938695652906	1.0879794687875482e+18	0.05342566637860713
-13.050000190734863	2.3945942683938193e+19	0.702523038800992	1.1103075262907023e+18	0.039637731956716014
-11.376922607421875	2.1333489862202884e+19	0.6835276066748255	1.1357560665129615e+18	0.04745202790863233
-9.703845977783203	4.137350105135055e+19	0.6586399406938201	1.4502595478882877e+18	0.026613893604572995
-8.030769348144531	7.277513532621455e+19	0.8487153200575781	1.8832682550663578e+18	0.025939174195087854
-6.357692241668701	1.1588447936480018e+20	0.9499896803169611	3.061084077315588e+18	0.028908667720362217
-4.684615612030029	1.674686567201437e+20	1.0750581497130873	2.9922538247830897e+18	0.02187108646117328
-3.011538505554199	1.7662693766863415e+20	1.278759846797669	3.0677127580415427e+18	0.026506707163545667
-1.3384615182876587	1.83061948217449e+20	1.5379101885661257	3.365031147552637e+18	0.03568995604868996
0.3346153795719147	1.7238632363044163e+20	1.8160674188089643	3.102238797543244e+18	0.039791303497757946
2.007692337036133	1.900114950236909e+20	1.6808723443755378	3.187327803393573e+18	0.036221748437856166
3.680769205093384	1.838798969075841e+20	1.6213025607959641	3.266861251866657e+18	0.03623999690801084
5.353846073150635	2.0513609550040085e+20	1.3940807387897052	3.543128391752352e+18	0.030088074061341157
7.026923179626465	2.0315978932017116e+20	1.2069570230008302	3.3237876417610383e+18	0.025411471197824227
8.699999809265137	2.017627234576399e+20	1.072176555422888	2.90311366834022e+18	0.01835411235862309
10.373077392578125	1.5565047242610967e+20	1.0398309277714406	2.9024385682007654e+18	0.022907596036273997
12.046154022216797	1.0697894535320987e+20	0.8844287913703096	2.455694624329564e+18	0.02256863536737721
13.719230651855469	6.568773175208208e+19	0.7719107514441194	1.8235573519746335e+18	0.024168379259151582
15.39230728149414	4.030370702385008e+19	0.6929581175402791	1.426633516908544e+18	0.027906512062687256
17.065383911132812	3.491330508918987e+19	0.6513577371542737	1.524443185097474e+18	0.033773932233737425
18.738462448120117	2.4816067598857798e+19	0.5772339540232113	1.258074536079786e+18	0.03446568237213868
20.41153907775879	2.475503370839995e+19	0.5082936037100432	1.14237203413572e+18	0.026124936461044797
22.08461570739746	2.190266305143741e+19	0.5033808472883641	9.120588452939694e+17	0.024237601419495144
23.757692337036133	1.9410402243780805e+19	0.4020097534972189	1.1152657739761582e+18	0.02645540067450897
25.430768966674805	1.6999052297788981e+19	0.23420686642915564	1.5780019083149312e+18	0.021744343045430593
