Trigger Time:	2021-06-10	11:50:11.162
Number of processed measurements:	3
TsLaserEnergy:	4.47723913192749

Measurement time:	2021-06-10	11:50:11.162
Rad. Pos [mm]	ne [m-3]	Te [eV]	dne [m-3]	dTe [eV]
-19.742307662963867	3.2580409695886377e+18	0.3396075895176667	5.342293696740065e+17	0.06996868866807385
-18.069231033325195	6.608348007177912e+18	0.39597399257565374	7.42603762488574e+17	0.05686861164654602
-16.396154403686523	1.3558480303361622e+19	0.43235983857871535	9.717991603217367e+17	0.035636635118142676
-14.723076820373535	2.477448846714182e+19	0.35609968854101237	1.477920649103016e+18	0.023013985777029303
-13.050000190734863	4.075085201458751e+19	0.4533018817593918	1.7431466306615378e+18	0.02191018024097687
-11.376922607421875	6.0730711121602806e+19	0.41495462019549967	2.1288220494586184e+18	0.015612422165875045
-9.703845977783203	7.744270292361203e+19	0.48113685467581785	2.1178637668203889e+18	0.013855551836275367
-8.030769348144531	1.0368407844067213e+20	0.525143108526305	2.8083506094329037e+18	0.015094462359121607
-6.357692241668701	1.1993274044078306e+20	0.6016029782119455	3.1019707915839734e+18	0.017004935744805622
-4.684615612030029	1.3190852433349601e+20	0.6610135830941325	2.9200505454544814e+18	0.01676369691940084
-3.011538505554199	1.4984111038177844e+20	0.6486372981849208	3.557499558483198e+18	0.016835455410357227
-1.3384615182876587	1.640037701255797e+20	0.7250974502453413	3.81484300374324e+18	0.019333278423163843
0.3346153795719147	1.568611314853143e+20	0.842300087771006	3.443724294264193e+18	0.02059880024781757
2.007692337036133	1.4882208300515564e+20	0.812378203873686	3.396357883095417e+18	0.02114338522299715
3.680769205093384	1.6656118139522856e+20	0.7999420958503779	4.047595871448072e+18	0.02148306821666588
5.353846073150635	1.5631644222100708e+20	0.7975252904479865	3.3437149156249436e+18	0.019102131974939107
7.026923179626465	1.7741351949105208e+20	0.7472270810720053	4.3488661806273004e+18	0.020116886085966228
8.699999809265137	1.6761344041128926e+20	0.6571967635327179	3.499489050123829e+18	0.01519264432223274
10.373077392578125	1.5293325373843335e+20	0.6167061563711949	3.58222400157909e+18	0.015480868294059529
12.046154022216797	1.3126596973822371e+20	0.5450101509196879	3.628127237649203e+18	0.01595720681460843
13.719230651855469	1.1741115565801367e+20	0.5066459468689983	3.1188947494366085e+18	0.014579909958753088
15.39230728149414	7.0613486669913915e+19	0.44545948699566645	2.523732403856343e+18	0.017368524789041717
17.065383911132812	5.381664335656596e+19	0.41058430572611654	2.4095483961897124e+18	0.02022954227775351
18.738462448120117	3.791595479641358e+19	0.40507400393079573	2.261467407111422e+18	0.027381063021256494
20.41153907775879	2.95091922445313e+19	0.3283187500556937	1.9233787141255332e+18	0.024140522482868215
22.08461570739746	2.404590808211233e+19	0.27126286846356207	1.850438212250501e+18	0.021930352389319997
23.757692337036133	1.6737591731238732e+19	0.26107845727487944	1.6946967882225418e+18	0.028091719663897854

Measurement time:	2021-06-10	11:50:14.162
Rad. Pos [mm]	ne [m-3]	Te [eV]	dne [m-3]	dTe [eV]
-19.742307662963867	3.338932589799932e+18	0.18339503749806116	6.694124345234555e+17	0.045216910507515654
-18.069231033325195	5.88919263582172e+18	0.3062847837705535	6.381393688920064e+17	0.03896667837696352
-16.396154403686523	1.1318719042488893e+19	0.38957174952895957	8.394292990511677e+17	0.03467465231532328
-14.723076820373535	1.9613866870500753e+19	0.3315111986393707	1.1146933407349473e+18	0.020708182656999734
-13.050000190734863	3.2089996723572703e+19	0.33465929421296736	1.6447865194639524e+18	0.018581656007199986
-11.376922607421875	5.665463679948371e+19	0.42469691315727937	1.818546190292091e+18	0.014956461770231553
-9.703845977783203	8.142423683792844e+19	0.45489895317557016	2.3126874690965996e+18	0.014438841065334402
-8.030769348144531	1.117263023104118e+20	0.5070015777347261	2.815206339309994e+18	0.013799625242021977
-6.357692241668701	1.3212107312528464e+20	0.5492771565588613	2.915375971768992e+18	0.012862328802219913
-4.684615612030029	1.4453675842613123e+20	0.6231188472847474	2.9482291043290317e+18	0.014156001123352226
-3.011538505554199	1.541848849989354e+20	0.7068930708955952	2.917676424972206e+18	0.015779758216838146
-1.3384615182876587	1.6199855998367905e+20	0.7235708515063892	4.259896448486736e+18	0.02175038384875894
0.3346153795719147	1.6161492718260847e+20	0.7666073496839979	3.480646169602818e+18	0.019371822580627873
2.007692337036133	1.5152839453748442e+20	0.7795859399988564	3.1439971496545485e+18	0.018676692769079017
3.680769205093384	1.5778253982157662e+20	0.8227297405928484	3.400258400594952e+18	0.02030256767341461
5.353846073150635	1.508256218893821e+20	0.7438452800287405	3.688472833828061e+18	0.020500661145164106
7.026923179626465	1.693950538685654e+20	0.7489552147253377	4.3992166663538606e+18	0.021419375055361994
8.699999809265137	1.623431733161031e+20	0.6460214185626603	3.499633361024975e+18	0.015666699893109766
10.373077392578125	1.4637122760637782e+20	0.5193625740665659	3.789875018821796e+18	0.014615017715993186
12.046154022216797	1.2813094542808554e+20	0.5709073874175454	3.6481578656061194e+18	0.018025373908881055
13.719230651855469	1.0596388501454009e+20	0.47560690766366287	3.0142984831641846e+18	0.014669247540363448
15.39230728149414	7.652625558381422e+19	0.5124222860462923	2.373147689362653e+18	0.017902466504100004
17.065383911132812	5.152547662855982e+19	0.45722350270342443	1.8987102086837043e+18	0.019769292816653634
18.738462448120117	3.5462317633217495e+19	0.33680917476979155	2.0221771181457408e+18	0.02133237588989815
20.41153907775879	1.673820086068052e+19	0.32323773860441496	1.3091050697481257e+18	0.029303294038961276
22.08461570739746	2.075609452501585e+19	0.2513851159981679	1.7231902197394964e+18	0.023630518333419708
23.757692337036133	1.8793829108272857e+19	0.37470419295395657	1.4853012583434158e+18	0.034384940833494936

Measurement time:	2021-06-10	11:50:17.162
Rad. Pos [mm]	ne [m-3]	Te [eV]	dne [m-3]	dTe [eV]
-21.41538429260254	2.655336249119736e+18	0.13607869571360462	5.139655421727867e+17	0.03137276333478611
-18.069231033325195	6.093815048285716e+18	0.3354142030175533	6.950731117703987e+17	0.04550095936652452
-16.396154403686523	9.390375758486045e+18	0.30843954537714546	7.900419167910625e+17	0.030966927745904146
-14.723076820373535	1.9148016987951596e+19	0.39534607174353953	1.0267361900840878e+18	0.024012120115293283
-13.050000190734863	3.567926007347072e+19	0.37999577531257417	1.5928985041649009e+18	0.01855859960217588
-11.376922607421875	5.390340801813702e+19	0.4038754843468985	1.9095622510109e+18	0.015425762351510384
-9.703845977783203	7.524949388554771e+19	0.45600114262024805	2.4501563842604564e+18	0.01598320798519494
-8.030769348144531	9.976117048634874e+19	0.5283108694863629	2.3384622206749245e+18	0.013559310437660536
-6.357692241668701	1.230710368975255e+20	0.5373932122481304	2.9718108799657574e+18	0.013967720175206208
-4.684615612030029	1.4103291393557188e+20	0.6411506149654318	3.1702633829304893e+18	0.016161729355008717
-3.011538505554199	1.5194904129799245e+20	0.6944117829074941	3.2278879627085087e+18	0.01778935523510038
-1.3384615182876587	1.5624427907385288e+20	0.6871207854105147	3.6209944308419133e+18	0.018679161027200242
0.3346153795719147	1.6031080083894986e+20	0.7332167739896952	4.2087405704928297e+18	0.02193892195965099
2.007692337036133	1.4892545469035263e+20	0.8214723660369575	3.5039143095477207e+18	0.022028447370914087
3.680769205093384	1.6069015873881165e+20	0.7432660083372874	3.226665030900515e+18	0.01802275185735289
5.353846073150635	1.600778451113497e+20	0.7796204704005196	4.424288005368316e+18	0.025377992137975664
7.026923179626465	1.781528838861268e+20	0.7331640102450977	3.5338771009162445e+18	0.017141655562372304
8.699999809265137	1.64531060717889e+20	0.6094956356865031	3.3317426083879977e+18	0.013656041448219304
10.373077392578125	1.4688607172706068e+20	0.5644675481858629	4.1387203715011707e+18	0.01718609051156283
12.046154022216797	1.2870415162597075e+20	0.5482278115372895	3.589626738490999e+18	0.017884636553708477
13.719230651855469	1.0072874951488464e+20	0.521936097471833	3.095743982357971e+18	0.01834936619323677
15.39230728149414	7.024204965181863e+19	0.5079428942333375	2.3120948323292283e+18	0.018800264510953985
17.065383911132812	3.804641405007246e+19	0.39979476538398767	2.0823045987054387e+18	0.025077724377543062
18.738462448120117	2.524328504085342e+19	0.4254708620898852	1.865650230498689e+18	0.036925088548252584
20.41153907775879	2.3400785027677553e+19	0.40041828923738537	1.9461820355297935e+18	0.039581095643707646
23.757692337036133	1.5543057010055447e+19	0.3342246790873604	1.175888378365739e+18	0.0313184843469497
