Trigger Time:	2021-06-10	13:50:06.727
Number of processed measurements:	3
TsLaserEnergy:	4.558787822723389

Measurement time:	2021-06-10	13:50:06.727
Rad. Pos [mm]	ne [m-3]	Te [eV]	dne [m-3]	dTe [eV]
-19.742307662963867	5.240646801689674e+18	0.26127956862708973	5.288782870997893e+17	0.03118717755306664
-18.069231033325195	9.897760792286069e+18	0.31191188787664054	9.033845919040143e+17	0.03371638072389759
-16.396154403686523	1.4038530378583507e+19	0.594096730454131	8.870470173463675e+17	0.0439312833464087
-14.723076820373535	1.5523642933243806e+19	0.5720219610132871	8.470763337028731e+17	0.03616449443001664
-13.050000190734863	1.2944538299178942e+19	0.483038890854349	8.480752400167076e+17	0.035993486246312406
-11.376922607421875	1.529252119103878e+19	0.6311756048457139	9.399135979941396e+17	0.04638467141002479
-9.703845977783203	2.938990182998737e+19	0.6467208608926119	1.3540926875102085e+18	0.03374690745457358
-8.030769348144531	5.5650685926300975e+19	0.9600196325010076	1.7546506833840046e+18	0.035654545747042764
-6.357692241668701	1.0481082277244489e+20	0.956106805514408	2.689738593563312e+18	0.02811057070166333
-4.684615612030029	1.65638101801292e+20	1.0850804374388208	3.282931713818231e+18	0.02411267074899164
-3.011538505554199	1.786985231284804e+20	1.275687044442185	3.477470230265987e+18	0.028701288656518265
-1.3384615182876587	1.884788637755014e+20	1.397947659704935	3.7709727646728847e+18	0.03227095717057271
0.3346153795719147	1.7154585694216965e+20	1.83260570627846	3.3599923606404465e+18	0.044364294986658066
2.007692337036133	1.890860228924523e+20	1.7687021959331346	3.4851599397127455e+18	0.038905415655729976
3.680769205093384	1.8600082844928495e+20	1.6816615415462612	3.590696563304825e+18	0.04120477079808331
5.353846073150635	2.019772777586376e+20	1.4677695840811265	3.3623769264831857e+18	0.029467414294997284
7.026923179626465	2.0578051486739386e+20	1.2925753152818094	3.17085519506414e+18	0.022752199143975922
8.699999809265137	2.0392297353515e+20	1.1337525714747967	3.5582573968726426e+18	0.022459336157906996
10.373077392578125	1.6597778932162363e+20	1.0466426949275798	3.074513237459337e+18	0.02208101698285041
12.046154022216797	1.2817591985170809e+20	1.0028616954729894	2.6587939383111844e+18	0.024402997404447742
13.719230651855469	8.16859909740833e+19	0.7688222974579749	2.2738606898628526e+18	0.02396785030492496
15.39230728149414	5.079254217748434e+19	0.7254543719672061	1.8158345197400883e+18	0.02966215960864159
17.065383911132812	2.6376257006485897e+19	0.686344254765635	1.2034288081793188e+18	0.03530006959246874
18.738462448120117	2.2689488965436703e+19	0.5783290840983902	1.1604820214373417e+18	0.033853287110515315
20.41153907775879	2.0991948565266825e+19	0.5170307634729414	1.21227767775966e+18	0.03455202602472049
22.08461570739746	1.5613927131535376e+19	0.5595113463873248	9.460893486489272e+17	0.03968475492118891
23.757692337036133	1.971390263741907e+19	0.47074800414644685	1.0413289084079309e+18	0.028292142727581994
25.430768966674805	8.649045436620866e+18	0.2908669594279243	1.0879604334924923e+18	0.03922191492360328

Measurement time:	2021-06-10	13:50:09.727
Rad. Pos [mm]	ne [m-3]	Te [eV]	dne [m-3]	dTe [eV]
-18.069231033325195	1.0659049449218638e+19	0.36590991280699864	9.337327620980736e+17	0.038684021222227305
-16.396154403686523	1.4054803150674592e+19	0.435915259772399	9.733846560889897e+17	0.035947096103891026
-14.723076820373535	1.642022759548584e+19	0.5550389736046146	9.26984097165738e+17	0.037172796781562434
-13.050000190734863	1.8251381748174684e+19	0.6344354603232918	9.554406950431621e+17	0.039400106015772644
-11.376922607421875	2.2492555437785743e+19	0.6626921801432096	1.0093342882707538e+18	0.03545378988451082
-9.703845977783203	2.9920585515179966e+19	0.6075223603849145	1.4339741314134835e+18	0.03439317760497813
-8.030769348144531	5.69663087635396e+19	0.8958013146152853	1.9901906756262953e+18	0.03545434707046056
-6.357692241668701	1.049839914557731e+20	1.0170426376009016	2.223413172235141e+18	0.024696364631195164
-4.684615612030029	1.677662989158292e+20	1.150889816191834	3.124000881436e+18	0.024826206605907196
-3.011538505554199	1.8097609549472072e+20	1.2593956332088798	3.1943245456369254e+18	0.02559408448074398
-1.3384615182876587	1.9545136838453127e+20	1.4055501569234603	3.481049415492305e+18	0.02833202312284403
0.3346153795719147	1.8118151945116136e+20	1.753886233264355	3.6138165440578847e+18	0.04132900057404371
2.007692337036133	1.8405393640412152e+20	1.71774355228609	3.8121997777900667e+18	0.041501894617885504
3.680769205093384	1.8281954548594298e+20	1.7251627479331695	3.392852914903974e+18	0.03948921794967938
5.353846073150635	2.003777962034793e+20	1.5237737002964296	3.656101562238894e+18	0.03280732050148946
7.026923179626465	2.107833103659607e+20	1.3195236313891727	3.2658365070295695e+18	0.02372062110025968
8.699999809265137	1.963701203007009e+20	1.1550640415461646	3.347198718217552e+18	0.023019454267187565
10.373077392578125	1.6229245504373706e+20	1.076125526381322	2.976912613918638e+18	0.022567354596053836
12.046154022216797	1.2643482999498526e+20	0.9279851011785635	2.5534219665853645e+18	0.02236179836226264
13.719230651855469	8.550061022721029e+19	0.8224530133084913	2.295816974996865e+18	0.02507457539450587
15.39230728149414	5.086157391552263e+19	0.8270882356607278	1.5588194161398907e+18	0.029300240861653
17.065383911132812	3.3643094281201648e+19	0.789310766063533	1.4040631545304187e+18	0.037992843396996136
18.738462448120117	2.504680011394659e+19	0.6806196305123273	1.0990508636844851e+18	0.035577021263927804
20.41153907775879	1.7755235922233786e+19	0.640152944528592	9.824216795966341e+17	0.04280996805279559
22.08461570739746	1.7885016777218327e+19	0.5416632029921206	9.853752427067474e+17	0.03588730576543868
23.757692337036133	1.6484423681385169e+19	0.5070959715897401	1.0418767400764703e+18	0.034425272524164226
25.430768966674805	1.6710559138358231e+19	0.2753365885658554	1.5006450805479834e+18	0.027144432955653143

Measurement time:	2021-06-10	13:50:12.727
Rad. Pos [mm]	ne [m-3]	Te [eV]	dne [m-3]	dTe [eV]
-19.742307662963867	5.194520089881215e+18	0.5275251414915074	5.984331865144689e+17	0.0787458901832512
-18.069231033325195	1.5284178096807215e+19	0.486098986344735	1.0218168376224645e+18	0.037702130997420986
-16.396154403686523	1.6005986589721231e+19	0.5174217315254179	1.0786861903511552e+18	0.04031445068049139
-14.723076820373535	2.378232215958559e+19	0.5260640133622508	1.2747254027318723e+18	0.031157124808628436
-13.050000190734863	2.014643951666987e+19	0.6566564999001531	9.969588038637978e+17	0.03941042278005462
-11.376922607421875	1.5883762678154396e+19	0.7773236339403553	1.0624771212150047e+18	0.0639327512622712
-9.703845977783203	2.290271945443456e+19	0.7557426169718922	1.1319652940177736e+18	0.045190952197386815
-8.030769348144531	4.733982057957006e+19	0.89905435275889	1.579568712384512e+18	0.03512794451566165
-6.357692241668701	9.58600680466274e+19	0.9797406871331532	2.2357979337714565e+18	0.02667866079852207
-4.684615612030029	1.5343705876237333e+20	1.0649197656135376	3.192859721270821e+18	0.02464301596741057
-3.011538505554199	1.7264246585924832e+20	1.2814178809406518	3.504427231722078e+18	0.02979920718264929
-1.3384615182876587	1.821076073089115e+20	1.5450999345348637	3.4309839781552456e+18	0.03440143958849524
0.3346153795719147	1.7974351657170475e+20	1.6869924546778015	3.204350717292708e+18	0.0354369608518661
2.007692337036133	1.8455066936927165e+20	1.6922157426789237	3.430053791318147e+18	0.03909525722877593
3.680769205093384	1.79720646729847e+20	1.6684443042030856	3.5233041971035505e+18	0.03790819399309407
5.353846073150635	1.977847959414626e+20	1.6479671305887258	3.2188513515177247e+18	0.0350303336051189
7.026923179626465	2.0995485914075706e+20	1.399664659724086	3.261219107948724e+18	0.026943883831799385
8.699999809265137	1.9950033314795592e+20	1.2030852613750869	3.2709945909533737e+18	0.023141997358078405
10.373077392578125	1.6421941514211217e+20	1.082110580860258	3.0873340927950193e+18	0.0230213829877828
12.046154022216797	1.2617238096748164e+20	0.9243357702009173	2.5267634825362145e+18	0.021078287751403663
13.719230651855469	9.469123440974338e+19	0.8208615490486578	2.330355521443332e+18	0.023408072558102375
15.39230728149414	5.612325162587259e+19	0.8055052824080591	1.7313193215205048e+18	0.028177473354885824
17.065383911132812	3.204912347832176e+19	0.7384538580157812	1.291842874630996e+18	0.03418578341391382
18.738462448120117	1.9153503550974198e+19	0.5629259432443188	1.0185271675516355e+18	0.037011366649546185
20.41153907775879	1.898587200820347e+19	0.6225716049611921	1.032901907695272e+18	0.04165557204946992
22.08461570739746	1.8446180024244503e+19	0.5669607964751139	1.0377072545449902e+18	0.037907379644398304
23.757692337036133	1.4037795904816153e+19	0.37084622735317696	9.754507758765343e+17	0.030297717165831545
25.430768966674805	1.6094952473571099e+19	0.11256805051668312	1.5236711904958218e+18	0.010209766931200659
